5429	2084	24
-0.4996814727783203	4.0	-0.4996814727783203	0.7949557304382324	0.2429693341255188	0.5	11	0.5	10	0.0	0	-0.9929599165916443	0.11845128238201141	0.0	0.11845128238201141	0.9929599165916443	1.6395469515373406e-07	1.942064109528019e-08	1.6280041847949178e-07	-1.0
-0.5821443796157837	3.308725357055664	0.9177617430686951	0.7494838237762451	0.15038663148880005	0.3333333333333333	10	0.3333333333333333	2	0.3333333333333333	1	-0.9929599165916443	0.11845128238201141	0.0	0.11845127493143082	0.9929598569869995	1.6395468094287935e-07	1.942064109528019e-08	1.6280041847949178e-07	-1.0
-0.4996814727783203	4.0	0.4996814727783203	0.7949557304382324	0.17769426107406616	0.5	11	0.5	10	0.0	0	-0.9929599165916443	0.11845128238201141	0.0	0.11845127493143082	0.9929598569869995	1.6395468094287935e-07	1.942064109528019e-08	1.6280041847949178e-07	-1.0
-0.749953031539917	3.1409168243408203	0.4143357276916504	0.18836283683776855	0.9250328540802002	0.5	2	0.5	1	0.0	0	-0.8562153577804565	0.5166191458702087	0.0	0.0	0.0	1.0	0.5166191458702087	0.8562154173851013	0.0
-1.249953031539917	2.3122451305389404	-0.4143357276916504	0.13423681259155273	0.8618173599243164	0.5	6	0.5	1	0.0	0	-0.8562153577804565	0.5166191458702087	0.0	0.0	0.0	1.0	0.5166191458702087	0.8562153577804565	0.0
-1.249953031539917	2.3122451305389404	0.4143357276916504	0.18836283683776855	0.8618173599243164	0.5	2	0.5	1	0.0	0	-0.8562153577804565	0.5166191458702087	0.0	0.0	0.0	1.0	0.5166191458702087	0.8562153577804565	0.0
-0.749953031539917	1.9766278266906738	-1.0855703353881836	0.9601371884346008	0.4372158646583557	0.5	6	0.5	1	0.0	0	-1.0	0.0	0.0	0.0	0.002372025977820158	0.9999971985816956	0.0	0.9999971985816956	-0.002372025977820158
-0.749953031539917	1.9766278266906738	-1.499906063079834	0.9330742359161377	0.4372800588607788	0.5	6	0.5	1	0.0	0	-1.0	0.0	0.0	0.0	0.0023720262106508017	0.9999971985816956	0.0	0.9999971985816956	-0.0023720262106508017
-0.749953031539917	1.2266747951507568	-1.4249107837677002	0.9378564357757568	0.3882841467857361	1.0	1	0.0	0	0.0	0	-1.0	0.0	0.0	0.0	0.0023720262106508017	0.9999972581863403	0.0	0.9999972581863403	-0.0023720262106508017
1.249953031539917	1.6410105228424072	-0.4143357276916504	0.059776633977890015	0.8561197519302368	1.0	1	0.0	0	0.0	0	0.8562152981758118	-0.5166192650794983	0.0	0.0	0.0	1.0	-0.5166192650794983	-0.8562153577804565	0.0
0.749953031539917	0.8123390674591064	0.4143357276916504	0.11390268802642822	0.9193352460861206	0.5	12	0.5	1	0.0	0	0.8562152981758118	-0.5166192650794983	0.0	0.0	0.0	1.0	-0.5166192650794983	-0.8562152981758118	0.0
0.749953031539917	0.8123390674591064	-0.4143357276916504	0.059776633977890015	0.9193352460861206	0.5	18	0.5	1	0.0	0	0.8562152981758118	-0.5166192650794983	0.0	0.0	0.0	1.0	-0.5166192650794983	-0.8562152981758118	0.0
0.749953031539917	1.9766278266906738	-1.499906063079834	0.3460581302642822	0.4902975559234619	0.5	6	0.5	1	0.0	0	0.551088273525238	-0.08303055167198181	-0.8303058743476868	0.1377382129430771	-0.9723365902900696	0.18865284323692322	-0.8230006098747253	-0.21832919120788574	-0.5244067907333374
0.749953031539917	1.2266747951507568	-1.4249107837677002	0.3946117162704468	0.4984235167503357	1.0	1	0.0	0	0.0	0	0.551088273525238	-0.08303055167198181	-0.8303058743476868	0.1377381831407547	-0.9723365306854248	0.18865281343460083	-0.8230005502700806	-0.21832914650440216	-0.5244067311286926
0.0	2.0	-2.0	0.3316645622253418	0.5474079847335815	0.3333333333333333	7	0.3333333333333333	6	0.3333333333333333	1	0.551088273525238	-0.08303055167198181	-0.8303058743476868	0.1377381682395935	-0.97233647108078	0.18865279853343964	-0.8230006098747253	-0.21832916140556335	-0.5244067907333374
-0.749953031539917	1.9766278266906738	-1.0855703353881836	0.2987852096557617	0.8663676977157593	0.5	6	0.5	1	0.0	0	-1.0	0.0	0.0	0.0	-0.13540799915790558	0.9907900094985962	0.0	0.9907900094985962	0.13540799915790558
-0.749953031539917	2.726580858230591	-1.499906063079834	0.265338659286499	0.9112364649772644	0.5	6	0.5	1	0.0	0	-1.0	0.0	0.0	0.0	-0.13540799915790558	0.9907900094985962	0.0	0.9907900094985962	0.13540799915790558
-0.749953031539917	1.9766278266906738	-1.499906063079834	0.2719714641571045	0.8627031445503235	0.5	6	0.5	1	0.0	0	-1.0	0.0	0.0	0.0	-0.13540798425674438	0.9907899498939514	0.0	0.9907899498939514	0.13540798425674438
-0.7496622204780579	0.1432727575302124	1.081221103668213	0.936211884021759	0.5874069929122925	0.3333333333333333	13	0.3333333333333333	12	0.3333333333333333	1	-0.9999998211860657	-6.43344537820667e-05	-0.0006433447124436498	0.0006431904621422291	0.002368595451116562	-0.9999969601631165	6.58580829622224e-05	-0.9999971985816956	-0.002368553541600704
-0.749953031539917	0.47672176361083984	1.499906063079834	0.9089164733886719	0.5655624866485596	0.3333333333333333	13	0.3333333333333333	12	0.3333333333333333	1	-0.9999998211860657	-6.43344537820667e-05	-0.0006433447124436498	0.0006431904621422291	0.002368595451116562	-0.9999969601631165	6.58580829622224e-05	-0.9999971985816956	-0.002368553541600704
-0.749953031539917	1.2266747951507568	1.4249107837677002	0.913931131362915	0.5165897607803345	1.0	1	0.0	0	0.0	0	-0.9999998211860657	-6.43344537820667e-05	-0.0006433447124436498	0.00064319052034989	0.002368595451116562	-0.9999970197677612	6.58580829622224e-05	-0.9999971389770508	-0.0023685533087700605
-0.5	-1.0	-1.5	0.07673760503530502	0.37428200244903564	1.0	19	0.0	0	0.0	0	-0.9778852462768555	-0.2087283879518509	-0.01315134298056364	-0.07073044776916504	0.3892364501953125	-0.918418288230896	0.19681894779205322	-0.897177517414093	-0.3953920304775238
-0.30000001192092896	-2.0	-0.5	0.0014430433511734009	0.40050166845321655	0.5	20	0.5	19	0.0	0	-0.9778852462768555	-0.2087283879518509	-0.01315134298056364	-0.07073044776916504	0.3892364501953125	-0.9184183478355408	0.19681893289089203	-0.8971774578094482	-0.39539197087287903
-0.7496622204780579	0.1432727575302124	-1.081221103668213	0.02215103805065155	0.31418049335479736	0.3333333333333333	19	0.3333333333333333	18	0.3333333333333333	1	-0.9778852462768555	-0.2087283879518509	-0.01315134298056364	-0.07073044776916504	0.3892364501953125	-0.918418288230896	0.19681894779205322	-0.897177517414093	-0.3953920304775238
-0.749953031539917	1.9766278266906738	1.499906063079834	0.5843625068664551	0.48382866382598877	0.5	2	0.5	1	0.0	0	-0.551088273525238	-0.08303055167198181	0.8303058743476868	-0.1377382129430771	-0.9723365902900696	-0.18865284323692322	0.8230006098747253	-0.21832919120788574	0.5244067907333374
-0.749953031539917	1.2266747951507568	1.4249107837677002	0.6329159736633301	0.49195462465286255	1.0	1	0.0	0	0.0	0	-0.551088273525238	-0.08303055167198181	0.8303058743476868	-0.1377381831407547	-0.9723365306854248	-0.18865281343460083	0.8230005502700806	-0.21832914650440216	0.5244067311286926
0.0	2.0	2.0	0.5699689388275146	0.5409390926361084	0.3333333333333333	3	0.3333333333333333	2	0.3333333333333333	1	-0.551088273525238	-0.08303055167198181	0.8303058743476868	-0.1377381682395935	-0.97233647108078	-0.18865279853343964	0.8230006098747253	-0.21832916140556335	0.5244067907333374
0.7496622204780579	0.1432727575302124	-1.081221103668213	0.5538588762283325	0.9118164777755737	0.3333333333333333	19	0.3333333333333333	18	0.3333333333333333	1	0.9999998211860657	-6.43344537820667e-05	0.0006433447124436498	-0.0006431901128962636	0.0023744881618767977	0.9999969601631165	-6.586187373613939e-05	-0.9999971985816956	0.00237444625236094
0.749953031539917	0.47672176361083984	-1.499906063079834	0.5265635251998901	0.8899718523025513	0.3333333333333333	19	0.3333333333333333	18	0.3333333333333333	1	0.9999998211860657	-6.43344537820667e-05	0.0006433447124436498	-0.0006431901128962636	0.0023744883947074413	0.9999969601631165	-6.586187373613939e-05	-0.9999971985816956	0.0023744464851915836
0.749953031539917	1.2266747951507568	-1.4249107837677002	0.5315781831741333	0.8409992456436157	1.0	1	0.0	0	0.0	0	0.9999998211860657	-6.43344537820667e-05	0.0006433447124436498	-0.0006431901711039245	0.0023744883947074413	0.9999970197677612	-6.5861881012097e-05	-0.9999972581863403	0.0023744464851915836
0.7496622204780579	0.1432727575302124	1.081221103668213	0.432553768157959	0.1737481951713562	0.3333333333333333	13	0.3333333333333333	12	0.3333333333333333	1	0.9772785902023315	0.1654699593782425	-0.13246235251426697	0.14204141497612	-0.0474119707942009	0.9887245893478394	0.1573239117860794	-0.985074520111084	-0.06983828544616699
0.749953031539917	0.47672176361083984	1.499906063079834	0.45856261253356934	0.15038660168647766	0.3333333333333333	13	0.3333333333333333	12	0.3333333333333333	1	0.9772785902023315	0.1654699593782425	-0.13246235251426697	0.1420414298772812	-0.047411974519491196	0.9887246489524841	0.1573239266872406	-0.9850745797157288	-0.06983829289674759
1.0	-1.0	1.5	0.46546173095703125	0.2479705512523651	1.0	13	0.0	0	0.0	0	0.9772785902023315	0.1654699593782425	-0.13246235251426697	0.1420414298772812	-0.047411974519491196	0.9887246489524841	0.1573239266872406	-0.9850745797157288	-0.06983829289674759
-0.749953031539917	1.9766278266906738	1.0855703353881836	0.8738312721252441	0.9545760154724121	0.5	2	0.5	1	0.0	0	-0.9782324433326721	0.10035000741481781	-0.1816347986459732	0.16637398302555084	-0.14384563267230988	-0.97551429271698	-0.12402023375034332	-0.9844990372657776	0.1240188330411911
-0.749953031539917	2.726580858230591	1.499906063079834	0.8403847217559814	0.9097071886062622	0.5	2	0.5	1	0.0	0	-0.9782324433326721	0.10035000741481781	-0.1816347986459732	0.16637398302555084	-0.14384563267230988	-0.97551429271698	-0.12402023375034332	-0.9844990372657776	0.1240188330411911
-0.5821443796157837	3.308725357055664	0.9177617430686951	0.8738312721252441	0.8661978244781494	0.3333333333333333	10	0.3333333333333333	2	0.3333333333333333	1	-0.9782324433326721	0.10035000741481781	-0.1816347986459732	0.16637399792671204	-0.14384564757347107	-0.9755143523216248	-0.12402024865150452	-0.9844990968704224	0.1240188479423523
-0.4996814727783203	4.0	0.4996814727783203	0.8469133377075195	0.2347063422203064	0.5	11	0.5	10	0.0	0	0.0	0.5175102353096008	0.8556771278381348	5.651477295032237e-07	-0.8556771278381348	0.5175102353096008	1.0	4.835839035877143e-07	-2.9246970711938047e-07
0.5821443796157837	3.308725357055664	0.9177617430686951	0.8996806144714355	0.3053675889968872	0.3333333333333333	10	0.3333333333333333	2	0.3333333333333333	1	0.0	0.5175102353096008	0.8556771278381348	5.651477295032237e-07	-0.85567706823349	0.517510175704956	1.0	4.835839035877143e-07	-2.9246970711938047e-07
0.4996814727783203	4.0	0.4996814727783203	0.8469133377075195	0.29998141527175903	0.5	11	0.5	10	0.0	0	0.0	0.5175102353096008	0.8556771278381348	5.651477295032237e-07	-0.85567706823349	0.5175102353096008	1.0	4.835839035877143e-07	-2.9246970711938047e-07
-1.249953031539917	1.6410105228424072	0.4143357276916504	0.559024453163147	0.8596726059913635	1.0	1	0.0	0	0.0	0	-0.8562152981758118	-0.5166192650794983	0.0	0.0	0.0	-1.0	0.5166192650794983	-0.8562153577804565	0.0
-0.749953031539917	0.8123390674591064	-0.4143357276916504	0.6131504774093628	0.9228881001472473	0.5	18	0.5	1	0.0	0	-0.8562152981758118	-0.5166192650794983	0.0	0.0	0.0	-1.0	0.5166192650794983	-0.8562152981758118	0.0
-0.749953031539917	0.8123390674591064	0.4143357276916504	0.559024453163147	0.9228881001472473	0.5	12	0.5	1	0.0	0	-0.8562152981758118	-0.5166192650794983	0.0	0.0	0.0	-1.0	0.5166192650794983	-0.8562152981758118	0.0
0.749953031539917	1.9766278266906738	1.0855703353881836	0.9335627555847168	0.12119203805923462	0.5	2	0.5	1	0.0	0	1.0	0.0	0.0	0.0	0.002372025977820158	-0.9999971985816956	0.0	0.9999971985816956	0.002372025977820158
0.749953031539917	1.9766278266906738	1.499906063079834	0.9064998626708984	0.12125623226165771	0.5	2	0.5	1	0.0	0	1.0	0.0	0.0	0.0	0.0023720262106508017	-0.9999971985816956	0.0	0.9999971985816956	0.0023720262106508017
0.749953031539917	1.2266747951507568	1.4249107837677002	0.9112820625305176	0.07226032018661499	1.0	1	0.0	0	0.0	0	1.0	0.0	0.0	0.0	0.0023720262106508017	-0.9999972581863403	0.0	0.9999972581863403	0.0023720262106508017
-0.30000001192092896	-2.0	1.5	0.39890074729919434	0.5692151784896851	0.5	14	0.5	13	0.0	0	0.0	0.0	1.0	0.3090858459472656	0.9510341286659241	0.0	-0.9510341286659241	0.3090858459472656	0.0
1.0	-1.0	1.5	0.46421730518341064	0.48430347442626953	1.0	13	0.0	0	0.0	0	0.0	0.0	1.0	0.3090858459472656	0.9510341286659241	0.0	-0.9510341286659241	0.3090858459472656	0.0
-0.5	-1.0	1.5	0.46421730518341064	0.6149368286132812	1.0	13	0.0	0	0.0	0	0.0	0.0	1.0	0.3090858459472656	0.9510341882705688	0.0	-0.9510341882705688	0.3090858459472656	0.0
0.800000011920929	-2.0	-0.5	0.6276030540466309	0.8136308193206787	0.5	20	0.5	19	0.0	0	0.0	-1.0	0.0	0.0	0.0	1.0	-1.0	0.0	0.0
-0.30000001192092896	-2.0	0.5	0.6929196119308472	0.885479211807251	0.5	14	0.5	13	0.0	0	0.0	-1.0	0.0	0.0	0.0	1.0	-1.0	0.0	0.0
-0.30000001192092896	-2.0	-0.5	0.6276030540466309	0.885479211807251	0.5	20	0.5	19	0.0	0	0.0	-1.0	0.0	0.0	0.0	1.0	-1.0	0.0	0.0
0.800000011920929	-2.0	-1.5	0.5365867018699646	0.26795661449432373	0.5	20	0.5	19	0.0	0	0.0	0.0	-1.0	0.04993788152933121	0.9987523555755615	0.0	0.9987523555755615	-0.04993788152933121	0.0
-0.5	-1.0	-1.5	0.6019034385681152	0.15038657188415527	1.0	19	0.0	0	0.0	0	0.0	0.0	-1.0	0.04993788152933121	0.9987523555755615	0.0	0.9987523555755615	-0.04993788152933121	0.0
1.0	-1.0	-1.5	0.6019033789634705	0.281019926071167	1.0	19	0.0	0	0.0	0	0.0	0.0	-1.0	0.04993787407875061	0.9987522959709167	0.0	0.9987522959709167	-0.04993787407875061	0.0
0.749953031539917	1.9766278266906738	1.0855703353881836	0.26245248317718506	0.866367757320404	0.5	2	0.5	1	0.0	0	1.0	0.0	0.0	0.0	-0.1354101449251175	-0.9907896518707275	0.0	0.9907896518707275	-0.1354101449251175
0.749953031539917	2.726580858230591	1.499906063079834	0.2290058135986328	0.9112364649772644	0.5	2	0.5	1	0.0	0	1.0	0.0	0.0	0.0	-0.1354101598262787	-0.9907897114753723	0.0	0.9907897114753723	-0.1354101598262787
0.749953031539917	1.9766278266906738	1.499906063079834	0.23563873767852783	0.8627031445503235	0.5	2	0.5	1	0.0	0	1.0	0.0	0.0	0.0	-0.1354101449251175	-0.9907896518707275	0.0	0.9907896518707275	-0.1354101449251175
0.7496622204780579	0.1432727575302124	-1.081221103668213	0.4505541920661926	0.1426866054534912	0.3333333333333333	19	0.3333333333333333	18	0.3333333333333333	1	0.9997243881225586	0.023479940369725227	0.0	0.023479938507080078	-0.9997243285179138	-3.9905293647279905e-07	-9.369738762643465e-09	3.989429728790128e-07	-1.0
0.800000011920929	-2.0	0.5	0.5253013372421265	0.039406538009643555	0.5	14	0.5	13	0.0	0	0.9997243881225586	0.023479940369725227	0.0	0.023479940369725227	-0.9997243881225586	-3.990529648945085e-07	-9.369737874465045e-09	3.989429444573034e-07	-1.0
0.800000011920929	-2.0	-0.5	0.5253013372421265	0.10472315549850464	0.5	20	0.5	19	0.0	0	0.9997243881225586	0.023479940369725227	0.0	0.023479938507080078	-0.9997243285179138	-3.990529648945085e-07	-9.369739650821884e-09	3.9894300130072224e-07	-1.0
0.4996814727783203	4.0	-0.4996814727783203	0.8996808528900146	0.22104787826538086	0.5	11	0.5	10	0.0	0	0.0	0.5175102353096008	-0.8556771278381348	-5.651477295032237e-07	0.8556771278381348	0.5175102353096008	1.0	4.835839035877143e-07	2.9246970711938047e-07
-0.5821443796157837	3.308725357055664	-0.9177617430686951	0.8469135761260986	0.15038657188415527	0.3333333333333333	10	0.3333333333333333	6	0.3333333333333333	1	0.0	0.5175102353096008	-0.8556771278381348	-5.651477295032237e-07	0.85567706823349	0.517510175704956	1.0	4.835839035877143e-07	2.9246970711938047e-07
-0.4996814727783203	4.0	-0.4996814727783203	0.8996808528900146	0.15577280521392822	0.5	11	0.5	10	0.0	0	0.0	0.5175102353096008	-0.8556771278381348	-5.651477295032237e-07	0.85567706823349	0.5175102353096008	1.0	4.835839035877143e-07	2.9246970711938047e-07
0.749953031539917	0.47672176361083984	1.499906063079834	0.13423684239387512	0.43095308542251587	0.3333333333333333	13	0.3333333333333333	12	0.3333333333333333	1	0.0	6.361179839586839e-05	1.0	0.042293768376111984	-0.9991052150726318	6.355487857945263e-05	0.9991052150726318	0.042293768376111984	-2.6903826437774114e-06
-0.5	-1.0	1.5	0.23069140315055847	0.31665194034576416	1.0	13	0.0	0	0.0	0	0.0	6.361179839586839e-05	1.0	0.04229377210140228	-0.9991052150726318	6.355487857945263e-05	0.9991052150726318	0.04229377210140228	-2.690382871151087e-06
1.0	-1.0	1.5	0.23069140315055847	0.4472852945327759	1.0	13	0.0	0	0.0	0	0.0	6.361179839586839e-05	1.0	0.04229377210140228	-0.9991052150726318	6.355487857945263e-05	0.9991052150726318	0.04229377210140228	-2.690382871151087e-06
0.749953031539917	0.47672176361083984	-1.499906063079834	0.36453890800476074	0.11574417352676392	0.3333333333333333	19	0.3333333333333333	18	0.3333333333333333	1	0.0	6.361179839586839e-05	-1.0	-0.32070374488830566	0.9471796154975891	6.0251797549426556e-05	0.9471796154975891	0.32070374488830566	2.0400542780407704e-05
-0.5	-1.0	-1.5	0.2680842876434326	0.001443028450012207	1.0	19	0.0	0	0.0	0	0.0	6.361179839586839e-05	-1.0	-0.32070377469062805	0.9471795558929443	6.025179391144775e-05	0.9471795558929443	0.32070377469062805	2.0400544599397108e-05
-0.749953031539917	0.47672176361083984	-1.499906063079834	0.36453890800476074	0.017775297164916992	0.3333333333333333	19	0.3333333333333333	18	0.3333333333333333	1	0.0	6.361179839586839e-05	-1.0	-0.32070377469062805	0.9471796154975891	6.0251797549426556e-05	0.9471796154975891	0.32070377469062805	2.0400544599397108e-05
0.800000011920929	-2.0	1.5	0.24213790893554688	0.4836379289627075	0.5	14	0.5	13	0.0	0	0.0	0.0	1.0	-0.9999997615814209	0.0007037321338430047	0.0	-0.0007037321338430047	-0.9999997615814209	0.0
-0.35996171832084656	-3.4990429878234863	1.5	0.31783390045166016	0.5816037654876709	0.5	15	0.5	14	0.0	0	0.0	0.0	1.0	-0.9999997615814209	0.0007037321338430047	0.0	-0.0007037321338430047	-0.9999997615814209	0.0
1.0	-3.5	1.5	0.22900569438934326	0.5816037654876709	0.5	15	0.5	14	0.0	0	0.0	0.0	1.0	-0.9999997019767761	0.0007037321338430047	0.0	-0.0007037321338430047	-0.9999997019767761	0.0
0.800000011920929	-2.0	-1.5	0.5429860353469849	0.4838287830352783	0.5	20	0.5	19	0.0	0	0.0	0.0	-1.0	0.9999995827674866	-0.0009059104486368597	2.7755575615628914e-17	-0.0009059105068445206	-0.9999996423721313	0.0
-0.35995060205459595	-3.498764991760254	-1.5	0.4673107862472534	0.581791877746582	0.5	21	0.5	20	0.0	0	0.0	0.0	-1.0	0.9999996423721313	-0.0009059105068445206	2.7755578924351364e-17	-0.0009059104486368597	-0.9999995827674866	0.0
-0.30000001192092896	-2.0	-1.5	0.47113776206970215	0.48389387130737305	0.5	20	0.5	19	0.0	0	0.0	0.0	-1.0	0.9999995827674866	-0.0009059105068445206	2.7755575615628914e-17	-0.0009059105650521815	-0.9999996423721313	0.0
-0.5	-7.0	-0.5	0.13423681259155273	0.684468686580658	1.0	23	0.0	0	0.0	0	0.0	-1.0	0.0	0.0	0.0	-1.0	1.0	0.0	0.0
1.0	-7.0	-1.5	0.1995534896850586	0.7824437618255615	1.0	23	0.0	0	0.0	0	0.0	-1.0	0.0	0.0	0.0	-1.0	1.0	0.0	0.0
1.0	-7.0	-0.5	0.13423681259155273	0.7824437618255615	1.0	23	0.0	0	0.0	0	0.0	-1.0	0.0	0.0	0.0	-1.0	1.0	0.0	0.0
1.0	-7.0	0.5	0.29432249069213867	0.7833259105682373	1.0	17	0.0	0	0.0	0	0.0	-1.0	0.0	0.0	0.0	-1.0	1.0	0.0	0.0
-0.5	-7.0	1.5	0.2290058135986328	0.6853508949279785	1.0	17	0.0	0	0.0	0	0.0	-1.0	0.0	0.0	0.0	-1.0	1.0	0.0	0.0
-0.5	-7.0	0.5	0.29432249069213867	0.6853508949279785	1.0	17	0.0	0	0.0	0	0.0	-1.0	0.0	0.0	0.0	-1.0	1.0	0.0	0.0
-0.30000001192092896	-2.0	-0.5	0.5326637029647827	0.4809427261352539	0.5	20	0.5	19	0.0	0	-0.9981918931007385	0.05543398857116699	-0.023240327835083008	-0.023310424759984016	-0.0006182079087011516	0.9997280836105347	0.05540454760193825	0.9984622001647949	0.0019092799630016088
-0.35995060205459595	-3.498764991760254	-1.5	0.4673292636871338	0.3176896572113037	0.5	21	0.5	20	0.0	0	-0.9981918931007385	0.05543398857116699	-0.023240327835083008	-0.023310424759984016	-0.0006182079669088125	0.9997280836105347	0.05540454760193825	0.9984622001647949	0.0019092799630016088
-0.3833809494972229	-3.5014286041259766	-0.5	0.5326637029647827	0.31746697425842285	0.5	21	0.5	20	0.0	0	-0.9981918931007385	0.05543398857116699	-0.023240327835083008	-0.023310426622629166	-0.0006182079087011516	0.9997281432151794	0.05540454387664795	0.9984621405601501	0.0019092799630016088
0.800000011920929	-2.0	0.5	0.30468642711639404	0.15038657188415527	0.5	14	0.5	13	0.0	0	0.0	0.0	-1.0	1.0	-0.00040707329753786325	0.0	-0.00040707329753786325	-1.0	0.0
-0.383309543132782	-3.4992852210998535	0.5	0.22748088836669922	0.3136714696884155	0.5	15	0.5	14	0.0	0	0.0	0.0	-1.0	0.9999998807907104	-0.0004328958166297525	0.0	-0.0004328958166297525	-0.9999998807907104	0.0
-0.30000001192092896	-2.0	0.5	0.23283803462982178	0.15042376518249512	0.5	14	0.5	13	0.0	0	0.0	0.0	-1.0	1.0	-0.0003105393552687019	0.0	-0.0003105393552687019	-1.0	0.0
0.800000011920929	-2.0	-0.5	0.1471315622329712	0.15046077966690063	0.5	20	0.5	19	0.0	0	0.0	0.0	1.0	-0.9999996423721313	-0.0008137928089126945	0.0	0.0008137928089126945	-0.9999996423721313	0.0
-0.3833809494972229	-3.5014286041259766	-0.5	0.22459471225738525	0.31376588344573975	0.5	21	0.5	20	0.0	0	0.0	0.0	1.0	-0.9999996423721313	-0.0008658579317852855	0.0	0.0008658579317852855	-0.9999996423721313	0.0
1.0	-3.5	-0.5	0.13423681259155273	0.31376588344573975	0.5	21	0.5	20	0.0	0	0.0	0.0	1.0	-0.9999995231628418	-0.00103266432415694	0.0	0.00103266432415694	-0.9999995231628418	0.0
-0.30000001192092896	-2.0	0.5	0.533700704574585	0.15038657188415527	0.5	14	0.5	13	0.0	0	-0.9992009401321411	0.03996802866458893	0.0	-0.028253832831978798	-0.7063459157943726	-0.7073028087615967	-0.02826949581503868	-0.7067375779151917	0.7069107294082642
-0.35996171832084656	-3.4990429878234863	1.5	0.46836620569229126	0.3136577606201172	0.5	15	0.5	14	0.0	0	-0.9992009401321411	0.03996802866458893	0.0	-0.028253832831978798	-0.7063459157943726	-0.7073028087615967	-0.02826949581503868	-0.7067375779151917	0.7069107294082642
-0.30000001192092896	-2.0	1.5	0.4683477282524109	0.2156670093536377	0.5	14	0.5	13	0.0	0	-0.9992009401321411	0.03996802866458893	0.0	-0.0282538291066885	-0.7063458561897278	-0.7073028087615967	-0.02826949954032898	-0.7067376375198364	0.7069107294082642
1.0	-5.75	-0.5	0.6929196119308472	0.7290987968444824	0.5	23	0.5	22	0.0	0	0.0	0.0	1.0	-1.0	0.0	0.0	0.0	-1.0	0.0
1.0	-7.0	-0.5	0.6929196119308472	0.8107447624206543	1.0	23	0.0	0	0.0	0	0.0	0.0	1.0	-1.0	0.0	0.0	0.0	-1.0	0.0
2.0	-7.0	-0.5	0.6276030540466309	0.8107447624206543	1.0	23	0.0	0	0.0	0	0.0	0.0	1.0	-1.0	0.0	0.0	0.0	-1.0	0.0
-0.749953031539917	1.9766278266906738	-1.499906063079834	0.9686870574951172	0.9207700490951538	0.5	6	0.5	1	0.0	0	-0.82282954454422	0.41141477227211	-0.3920324742794037	-0.5136264562606812	-0.24318867921829224	0.8228288292884827	0.24318605661392212	0.8784060478210449	0.41141629219055176
-0.3749765157699585	2.726580858230591	-1.499906063079834	0.9441948533058167	0.9697544574737549	0.3333333333333333	7	0.3333333333333333	6	0.3333333333333333	1	-0.82282954454422	0.41141477227211	-0.3920324742794037	-0.5136264562606812	-0.24318867921829224	0.8228288292884827	0.24318605661392212	0.8784060478210449	0.41141629219055176
-0.5	2.0	-2.0	0.9330530166625977	0.9126425981521606	0.3333333333333333	7	0.3333333333333333	6	0.3333333333333333	1	-0.82282954454422	0.41141477227211	-0.3920324742794037	-0.5136263966560364	-0.24318864941596985	0.8228287696838379	0.2431860864162445	0.8784060478210449	0.41141629219055176
0.749953031539917	1.9766278266906738	1.499906063079834	0.8078160285949707	0.9258198738098145	0.5	2	0.5	1	0.0	0	0.82282954454422	0.41141477227211	0.3920324742794037	0.5136264562606812	-0.24318867921829224	-0.8228288292884827	-0.24318605661392212	0.8784060478210449	-0.41141629219055176
0.3749765157699585	2.726580858230591	1.499906063079834	0.7833237648010254	0.9748042821884155	0.3333333333333333	3	0.3333333333333333	2	0.3333333333333333	1	0.82282954454422	0.41141477227211	0.3920324742794037	0.5136264562606812	-0.24318867921829224	-0.8228288292884827	-0.24318605661392212	0.8784060478210449	-0.41141629219055176
0.5	2.0	2.0	0.7721819877624512	0.9176924228668213	0.3333333333333333	3	0.3333333333333333	2	0.3333333333333333	1	0.82282954454422	0.41141477227211	0.3920324742794037	0.5136263966560364	-0.24318864941596985	-0.8228287696838379	-0.2431860864162445	0.8784060478210449	-0.41141629219055176
-0.4996814727783203	4.0	-0.4996814727783203	0.5355496406555176	0.3501043915748596	0.5	11	0.5	10	0.0	0	0.0	-0.4469856023788452	-0.8945411443710327	0.0	0.8945411443710327	-0.4469856023788452	1.0	0.0	0.0
0.9993629455566406	5.0	-0.9993629455566406	0.6085667610168457	0.4480170011520386	1.0	11	0.0	0	0.0	0	0.0	-0.4469856023788452	-0.8945411443710327	0.0	0.8945411443710327	-0.4469856023788452	1.0	0.0	0.0
0.4996814727783203	4.0	-0.4996814727783203	0.5355496406555176	0.41537946462631226	0.5	11	0.5	10	0.0	0	0.0	-0.4469856023788452	-0.8945411443710327	0.0	0.8945411443710327	-0.4469856023788452	1.0	0.0	0.0
0.800000011920929	-2.0	-0.5	0.2512730360031128	0.3806058168411255	0.5	20	0.5	19	0.0	0	0.9805806875228882	-0.1961161196231842	0.0	0.1373087614774704	0.6865438222885132	-0.7140055894851685	0.1400279998779297	0.7001400589942932	0.7001400589942932
0.800000011920929	-2.0	-1.5	0.31783396005630493	0.3165576457977295	0.5	20	0.5	19	0.0	0	0.9805806875228882	-0.1961161196231842	0.0	0.1373087614774704	0.6865438222885132	-0.7140055298805237	0.1400279849767685	0.7001399993896484	0.7001400589942932
1.0	-1.0	-1.5	0.31783396005630493	0.38316774368286133	1.0	19	0.0	0	0.0	0	0.9805806875228882	-0.1961161196231842	0.0	0.1373087465763092	0.6865437626838684	-0.7140055894851685	0.1400279849767685	0.7001400589942932	0.7001399993896484
-0.7496622204780579	0.1432727575302124	-1.081221103668213	0.44766807556152344	0.1426866054534912	0.3333333333333333	19	0.3333333333333333	18	0.3333333333333333	1	-0.9786925911903381	-0.20533135533332825	0.0	-0.20533134043216705	0.9786925315856934	3.8539866409337264e-07	-7.913441635309937e-08	3.77186779587646e-07	-1.0
-0.30000001192092896	-2.0	0.5	0.36742496490478516	0.039406418800354004	0.5	14	0.5	13	0.0	0	-0.9786925911903381	-0.20533135533332825	0.0	-0.20533134043216705	0.9786925315856934	3.8539866409337264e-07	-7.913441635309937e-08	3.77186779587646e-07	-1.0
-0.7496622204780579	0.1432727575302124	1.081221103668213	0.44766807556152344	0.001443028450012207	0.3333333333333333	13	0.3333333333333333	12	0.3333333333333333	1	-0.9786925911903381	-0.20533135533332825	0.0	-0.20533135533332825	0.9786925911903381	3.853986925150821e-07	-7.913441635309937e-08	3.7718680800935545e-07	-1.0
0.5821443796157837	3.308725357055664	-0.9177617430686951	0.8187649250030518	0.08845126628875732	0.3333333333333333	10	0.3333333333333333	6	0.3333333333333333	1	0.0	0.7071066498756409	-0.70710688829422	-1.0686470659493352e-06	0.7071069478988647	0.7071066498756409	1.0	7.556476475656382e-07	7.556474201919627e-07
0.3749765157699585	2.726580858230591	-1.499906063079834	0.764991283416748	0.0749197006225586	0.3333333333333333	7	0.3333333333333333	6	0.3333333333333333	1	0.0	0.7071066498756409	-0.70710688829422	-1.0671848258425598e-06	0.70710688829422	0.7071066498756409	1.0	7.546137794633978e-07	7.546134952463035e-07
2.980792279672073e-10	2.726580858230591	-1.499906063079834	0.764991283416748	0.05042749643325806	0.3333333333333333	7	0.3333333333333333	6	0.3333333333333333	1	0.0	0.7071066498756409	-0.70710688829422	-1.0623175512591843e-06	0.70710688829422	0.7071066498756409	1.0	7.511721378250513e-07	7.51171853607957e-07
0.4996814727783203	4.0	0.4996814727783203	0.07962369918823242	0.5993897318840027	0.5	11	0.5	10	0.0	0	0.9929599165916443	0.11845128238201141	0.0	0.11845128238201141	-0.9929599165916443	1.6395469515373406e-07	1.942064109528019e-08	-1.6280041847949178e-07	-1.0
0.5821443796157837	3.308725357055664	-0.9177617430686951	0.12509584426879883	0.6919724345207214	0.3333333333333333	10	0.3333333333333333	6	0.3333333333333333	1	0.9929599165916443	0.11845128238201141	0.0	0.11845127493143082	-0.9929598569869995	1.6395468094287935e-07	1.942064109528019e-08	-1.6280041847949178e-07	-1.0
0.4996814727783203	4.0	-0.4996814727783203	0.07962369918823242	0.6646648049354553	0.5	11	0.5	10	0.0	0	0.9929599165916443	0.11845128238201141	0.0	0.11845127493143082	-0.9929598569869995	1.6395468094287935e-07	1.942064109528019e-08	-1.6280041847949178e-07	-1.0
-0.5821443796157837	3.308725357055664	0.9177617430686951	0.7560210227966309	0.3284275531768799	0.3333333333333333	10	0.3333333333333333	2	0.3333333333333333	1	0.0	0.7071066498756409	0.70710688829422	-7.33176932499191e-07	-0.7071069478988647	0.7071066498756409	1.0	-5.184344331610191e-07	5.184342626307625e-07
-0.3749765157699585	2.726580858230591	1.499906063079834	0.8097946643829346	0.3419591188430786	0.3333333333333333	3	0.3333333333333333	2	0.3333333333333333	1	0.0	0.7071066498756409	0.70710688829422	-8.092166012829693e-07	-0.70710688829422	0.7071066498756409	1.0	-5.722026799048763e-07	5.722025093746197e-07
2.980792279672073e-10	2.726580858230591	1.499906063079834	0.8097946643829346	0.36645132303237915	0.3333333333333333	3	0.3333333333333333	2	0.3333333333333333	1	0.0	0.7071066498756409	0.70710688829422	-1.0623175512591843e-06	-0.70710688829422	0.7071066498756409	1.0	-7.511721378250513e-07	7.51171853607957e-07
0.6870620250701904	6.25	0.6870620250701904	0.2483586072921753	0.08638238906860352	1.0	11	0.0	0	0.0	0	0.2802030146121979	-0.14079441130161285	0.9495595097541809	0.9598374366760254	0.026578592136502266	-0.27929502725601196	0.014085222035646439	0.9896820783615112	0.14258715510368347
0.0	6.988889217376709	0.9993629455566406	0.20086991786956787	0.13642263412475586	1.0	11	0.0	0	0.0	0	0.2802030146121979	-0.14079441130161285	0.9495595097541809	0.9598374366760254	0.026578599587082863	-0.2792949974536896	0.014085210859775543	0.9896820783615112	0.14258715510368347
-0.9993629455566406	5.0	0.9993629455566406	0.13476359844207764	0.006936073303222656	1.0	11	0.0	0	0.0	0	0.2802030146121979	-0.14079441130161285	0.9495595097541809	0.9598374366760254	0.026578593999147415	-0.27929502725601196	0.01408522017300129	0.9896820783615112	0.14258715510368347
0.4996814727783203	4.0	-0.4996814727783203	0.13423681259155273	0.4828088879585266	0.5	11	0.5	10	0.0	0	0.8945411443710327	-0.4469856321811676	0.0	0.4469856321811676	0.8945411443710327	0.0	0.0	0.0	1.0
0.9993629455566406	5.0	-0.4996814727783203	0.20725369453430176	0.4828088879585266	1.0	11	0.0	0	0.0	0	0.8945411443710327	-0.4469856321811676	0.0	0.44698566198349	0.8945412039756775	0.0	0.0	0.0	1.0
0.9993629455566406	5.0	0.0	0.20725369453430176	0.5154464244842529	1.0	11	0.0	0	0.0	0	0.8945411443710327	-0.4469856321811676	0.0	0.4469856321811676	0.8945411443710327	0.0	0.0	0.0	1.0
-0.4996814727783203	4.0	0.4996814727783203	0.5281872749328613	0.034080564975738525	0.5	11	0.5	10	0.0	0	-0.8945411443710327	-0.4469856023788452	0.0	-0.4469856023788452	0.8945411443710327	0.0	0.0	0.0	-1.0
-0.9993629455566406	5.0	-0.9993629455566406	0.6012043952941895	0.13199317455291748	1.0	11	0.0	0	0.0	0	-0.8945411443710327	-0.4469856023788452	0.0	-0.4469856023788452	0.8945411443710327	0.0	0.0	0.0	-1.0
-0.4996814727783203	4.0	-0.4996814727783203	0.5281872749328613	0.09935563802719116	0.5	11	0.5	10	0.0	0	-0.8945411443710327	-0.4469856023788452	0.0	-0.4469856023788452	0.8945411443710327	0.0	0.0	0.0	-1.0
0.4996814727783203	4.0	0.4996814727783203	0.07446002960205078	0.5548098087310791	0.5	11	0.5	10	0.0	0	0.0	-0.4469856023788452	0.8945411443710327	-8.168325962287781e-07	-0.8945411443710327	-0.4469856023788452	1.0	-7.306903739845438e-07	-3.651124131920369e-07
-0.9993629455566406	5.0	0.9993629455566406	0.0014429092407226562	0.45689713954925537	1.0	11	0.0	0	0.0	0	0.0	-0.4469856023788452	0.8945411443710327	-8.168325962287781e-07	-0.8945411443710327	-0.4469856023788452	1.0	-7.306903739845438e-07	-3.651124131920369e-07
-0.4996814727783203	4.0	0.4996814727783203	0.07446002960205078	0.48953473567962646	0.5	11	0.5	10	0.0	0	0.0	-0.4469856023788452	0.8945411443710327	-8.168325962287781e-07	-0.8945411443710327	-0.4469856023788452	1.0	-7.306903739845438e-07	-3.651124131920369e-07
-0.9993629455566406	5.0	-0.9993629455566406	0.0014430582523345947	0.14200735092163086	1.0	11	0.0	0	0.0	0	0.2802030146121979	-0.14079441130161285	-0.9495595097541809	0.9598375558853149	0.026585014536976814	0.27929407358169556	-0.014078987762331963	-0.9896818399429321	0.14258894324302673
0.0	6.988889217376709	-0.9993629455566406	0.06754940748214722	0.012520790100097656	1.0	11	0.0	0	0.0	0	0.2802030146121979	-0.14079441130161285	-0.9495595097541809	0.9598374962806702	0.026585010811686516	0.27929404377937317	-0.014078989624977112	-0.9896818995475769	0.14258894324302673
0.6870620250701904	6.25	-0.6870620250701904	0.11503803730010986	0.0625615119934082	1.0	11	0.0	0	0.0	0	0.2802030146121979	-0.14079441130161285	-0.9495595097541809	0.9598374962806702	0.026585010811686516	0.27929404377937317	-0.014078989624977112	-0.9896818995475769	0.14258894324302673
-0.9993629455566406	5.0	0.9993629455566406	0.001443028450012207	0.15038633346557617	1.0	11	0.0	0	0.0	0	-1.0	0.0	0.0	0.0	1.0	0.0	0.0	0.0	-1.0
-0.9993629455566406	6.988889217376709	0.9993629455566406	0.13135075569152832	0.15038633346557617	1.0	11	0.0	0	0.0	0	-1.0	0.0	0.0	0.0	1.0	0.0	0.0	0.0	-1.0
-0.9993629455566406	6.988889217376709	0.0	0.13135069608688354	0.21566152572631836	1.0	11	0.0	0	0.0	0	-1.0	0.0	0.0	0.0	1.0	0.0	0.0	0.0	-1.0
0.800000011920929	-2.0	1.5	0.3207200765609741	0.4223027229309082	0.5	14	0.5	13	0.0	0	0.9912278652191162	0.13216370344161987	0.0	0.044396109879016876	-0.33297085762023926	-0.9418913722038269	-0.1244838535785675	0.9336289763450623	-0.33591753244400024
1.0	-3.5	0.5	0.38624417781829834	0.32359814643859863	0.5	15	0.5	14	0.0	0	0.9912278652191162	0.13216370344161987	0.0	0.026388106867671013	-0.19791081547737122	-0.9798647165298462	-0.1295025646686554	0.9712693095207214	-0.19966229796409607
0.800000011920929	-2.0	0.5	0.38624417781829834	0.4874114990234375	0.5	14	0.5	13	0.0	0	0.9912278652191162	0.13216370344161987	0.0	0.0681193545460701	-0.5108951926231384	-0.8569398522377014	-0.11325634270906448	0.8494226336479187	-0.5154165029525757
0.8999999761581421	-4.625	1.5	0.4642174243927002	0.7404580116271973	0.5	16	0.5	15	0.0	0	0.9960726499557495	0.08853980898857117	0.0	0.0	0.0	1.0	0.08853980898857117	-0.9960726499557495	0.0
1.0	-5.75	0.5	0.39890074729919434	0.8142290115356445	0.5	17	0.5	16	0.0	0	0.9960726499557495	0.08853980898857117	0.0	0.0	0.0	1.0	0.08853980898857117	-0.9960726499557495	0.0
0.8999999761581421	-4.625	0.5	0.39890074729919434	0.7404580116271973	0.5	16	0.5	15	0.0	0	0.9960726499557495	0.08853980898857117	0.0	0.0	0.0	1.0	0.08853980898857117	-0.9960726499557495	0.0
0.8999999761581421	-4.625	-0.5	0.8374943733215332	0.5974216461181641	0.5	22	0.5	21	0.0	0	0.9960726499557495	0.08853980898857117	0.0	0.0	0.0	1.0	0.08853980898857117	-0.9960726499557495	0.0
1.0	-5.75	-1.5	0.7721776962280273	0.6711926460266113	0.5	23	0.5	22	0.0	0	0.9960726499557495	0.08853980898857117	0.0	0.0	0.0	1.0	0.08853980898857117	-0.9960726499557495	0.0
0.8999999761581421	-4.625	-1.5	0.7721776962280273	0.5974216461181641	0.5	22	0.5	21	0.0	0	0.9960726499557495	0.08853980898857117	0.0	0.0	0.0	1.0	0.08853980898857117	-0.9960726499557495	0.0
1.0	-5.75	1.5	0.7465976476669312	0.15038633346557617	0.5	17	0.5	16	0.0	0	0.7808688282966614	0.6246950626373291	0.0	0.0	0.0	1.0	0.6246950626373291	-0.7808688282966614	0.0
2.0	-7.0	0.5	0.6812809705734253	0.2549443244934082	1.0	17	0.0	0	0.0	0	0.7808688282966614	0.6246950626373291	0.0	0.0	0.0	1.0	0.6246950626373291	-0.7808688282966614	0.0
1.0	-5.75	0.5	0.6812809705734253	0.15038633346557617	0.5	17	0.5	16	0.0	0	0.7808688282966614	0.6246950626373291	0.0	0.0	0.0	1.0	0.6246950626373291	-0.7808688282966614	0.0
1.0	-7.0	0.5	0.6767696142196655	0.48092222213745117	1.0	17	0.0	0	0.0	0	0.0	-1.0	0.0	-1.0	0.0	0.0	0.0	0.0	-1.0
2.0	-7.0	1.5	0.6114530563354492	0.4156055450439453	1.0	17	0.0	0	0.0	0	0.0	-1.0	0.0	-1.0	0.0	0.0	0.0	0.0	-1.0
1.0	-7.0	1.5	0.6767696142196655	0.4156055450439453	1.0	17	0.0	0	0.0	0	0.0	-1.0	0.0	-1.0	0.0	0.0	0.0	0.0	-1.0
1.0	-5.75	1.5	0.38603675365448	0.7300395965576172	0.5	17	0.5	16	0.0	0	0.0	0.0	1.0	-1.0	0.0	0.0	0.0	-1.0	0.0
1.0	-7.0	1.5	0.38603675365448	0.8116855621337891	1.0	17	0.0	0	0.0	0	0.0	0.0	1.0	-1.0	0.0	0.0	0.0	-1.0	0.0
2.0	-7.0	1.5	0.32072019577026367	0.8116855621337891	1.0	17	0.0	0	0.0	0	0.0	0.0	1.0	-1.0	0.0	0.0	0.0	-1.0	0.0
1.0	-7.0	0.5	0.46731090545654297	0.7492938041687012	1.0	17	0.0	0	0.0	0	0.0	0.0	-1.0	0.7808708548545837	0.6246924996376038	0.0	0.6246924996376038	-0.7808708548545837	0.0
1.0	-5.75	0.5	0.5183145999908447	0.6855387687683105	0.5	17	0.5	16	0.0	0	0.0	0.0	-1.0	0.7808708548545837	0.6246924996376038	0.0	0.6246924996376038	-0.7808708548545837	0.0
2.0	-7.0	0.5	0.5183145999908447	0.7900967597961426	1.0	17	0.0	0	0.0	0	0.0	0.0	-1.0	0.7808709144592285	0.6246925592422485	0.0	0.6246925592422485	-0.7808709144592285	0.0
1.0	-5.75	-0.5	0.7531349658966064	0.31746673583984375	0.5	23	0.5	22	0.0	0	0.7808688282966614	0.6246950626373291	0.0	0.0	0.0	1.0	0.6246950626373291	-0.7808688282966614	0.0
2.0	-7.0	-1.5	0.6878182888031006	0.4220247268676758	1.0	23	0.0	0	0.0	0	0.7808688282966614	0.6246950626373291	0.0	0.0	0.0	1.0	0.6246950626373291	-0.7808688282966614	0.0
1.0	-5.75	-1.5	0.6878182888031006	0.31746673583984375	0.5	23	0.5	22	0.0	0	0.7808688282966614	0.6246950626373291	0.0	0.0	0.0	1.0	0.6246950626373291	-0.7808688282966614	0.0
1.0	-7.0	-1.5	0.670106053352356	0.3138456344604492	1.0	23	0.0	0	0.0	0	0.0	-1.0	0.0	-1.0	0.0	0.0	0.0	0.0	-1.0
2.0	-7.0	-0.5	0.6047894954681396	0.24852895736694336	1.0	23	0.0	0	0.0	0	0.0	-1.0	0.0	-1.0	0.0	0.0	0.0	0.0	-1.0
1.0	-7.0	-0.5	0.670106053352356	0.24852895736694336	1.0	23	0.0	0	0.0	0	0.0	-1.0	0.0	-1.0	0.0	0.0	0.0	0.0	-1.0
1.0	-7.0	-1.5	0.0014431476593017578	0.7516827583312988	1.0	23	0.0	0	0.0	0	0.0	0.0	-1.0	0.7808708548545837	0.6246924996376038	0.0	0.6246924996376038	-0.7808708548545837	0.0
1.0	-5.75	-1.5	0.052446842193603516	0.6879277229309082	0.5	23	0.5	22	0.0	0	0.0	0.0	-1.0	0.7808708548545837	0.6246924996376038	0.0	0.6246924996376038	-0.7808708548545837	0.0
2.0	-7.0	-1.5	0.052446842193603516	0.7924857139587402	1.0	23	0.0	0	0.0	0	0.0	0.0	-1.0	0.7808709144592285	0.6246925592422485	0.0	0.6246925592422485	-0.7808709144592285	0.0
0.7495222091674805	6.0	0.0	0.7410796880722046	0.48021459579467773	1.0	11	0.0	0	0.0	0	0.8665619492530823	0.18761707842350006	-0.46246111392974854	-0.4489116370677948	-0.11184743046760559	-0.8865485787391663	-0.21805673837661743	0.975853443145752	-0.01269923709332943
0.8495222330093384	6.0	0.18738055229187012	0.7272970676422119	0.4786348342895508	1.0	11	0.0	0	0.0	0	0.8665619492530823	0.18761707842350006	-0.46246111392974854	-0.4489116668701172	-0.11184743791818619	-0.886548638343811	-0.21805675327777863	0.9758535027503967	-0.012699238955974579
0.8807523250579834	5.875	0.19518807530403137	0.7268426418304443	0.4702157974243164	1.0	11	0.0	0	0.0	0	0.8665619492530823	0.18761707842350006	-0.46246111392974854	-0.4489116668701172	-0.11184743791818619	-0.886548638343811	-0.21805675327777863	0.9758535027503967	-0.012699238955974579
0.7495222091674805	6.0	-0.7495222091674805	0.7855517864227295	0.1289196014404297	1.0	11	0.0	0	0.0	0	0.842990517616272	0.29491257667541504	-0.4498816728591919	0.4821333587169647	-0.04331991448998451	0.8750262260437012	0.23856741189956665	-0.954541802406311	-0.17870546877384186
0.8495222330093384	6.0	-0.5621416568756104	0.7994104623794556	0.12829065322875977	1.0	11	0.0	0	0.0	0	0.842990517616272	0.29491257667541504	-0.4498816728591919	0.4821333587169647	-0.043319907039403915	0.8750262260437012	0.23856739699840546	-0.954541802406311	-0.17870546877384186
0.8807523250579834	5.875	-0.5855642557144165	0.7994086742401123	0.13684415817260742	1.0	11	0.0	0	0.0	0	0.842990517616272	0.29491257667541504	-0.4498816728591919	0.4821333587169647	-0.04331990331411362	0.8750262260437012	0.23856742680072784	-0.954541802406311	-0.17870545387268066
-0.749953031539917	1.2266747951507568	-1.4249107837677002	0.772185206413269	0.5817975401878357	1.0	1	0.0	0	0.0	0	0.0	0.09950369596481323	-0.9950372576713562	0.0	-0.9950371980667114	-0.09950368851423264	-1.0	0.0	0.0
