3233	1280	24
-0.4996814727783203	4.0	-0.4996814727783203	0.7836365699768066	0.3738257884979248	0.5	11	0.5	10	0.0	0	-0.9929599165916443	0.11845128238201141	0.0	0.11845128238201141	0.9929599165916443	-4.872466661254293e-07	-5.771498479134607e-08	-4.838163363274361e-07	-1.0
-0.5821443796157837	3.308725357055664	0.9177617430686951	0.7377336025238037	0.2803657650947571	0.3333333333333333	10	0.3333333333333333	2	0.3333333333333333	1	-0.9929599165916443	0.11845128238201141	0.0	0.11845127493143082	0.9929598569869995	-4.872466661254293e-07	-5.7714991896773427e-08	-4.83816393170855e-07	-1.0
-0.4996814727783203	4.0	0.4996814727783203	0.7836365699768066	0.30793213844299316	0.5	11	0.5	10	0.0	0	-0.9929599165916443	0.11845128238201141	0.0	0.11845127493143082	0.9929598569869995	-4.872466661254293e-07	-5.7714991896773427e-08	-4.83816393170855e-07	-1.0
-0.749953031539917	3.1409168243408203	0.4143357276916504	0.5029892921447754	0.9387490749359131	0.5	2	0.5	1	0.0	0	-0.8562153577804565	0.5166191458702087	0.0	0.0	0.0	1.0	0.5166191458702087	0.8562154173851013	0.0
-1.249953031539917	2.3122451305389404	-0.4143357276916504	0.448350191116333	0.8749344944953918	0.5	6	0.5	1	0.0	0	-0.8562153577804565	0.5166191458702087	0.0	0.0	0.0	1.0	0.5166191458702087	0.8562153577804565	0.0
-1.249953031539917	2.3122451305389404	0.4143357276916504	0.5029892921447754	0.8749344944953918	0.5	2	0.5	1	0.0	0	-0.8562153577804565	0.5166191458702087	0.0	0.0	0.0	1.0	0.5166191458702087	0.8562153577804565	0.0
-0.749953031539917	1.9766278266906738	-1.0855703353881836	0.9366874098777771	0.12208300828933716	0.5	6	0.5	1	0.0	0	-1.0	0.0	0.0	0.0	0.0023737577721476555	0.9999971985816956	0.0	0.9999971985816956	-0.0023737577721476555
-0.749953031539917	1.9766278266906738	-1.499906063079834	0.9093680381774902	0.12214785814285278	0.5	6	0.5	1	0.0	0	-1.0	0.0	0.0	0.0	0.0023737577721476555	0.9999971985816956	0.0	0.9999971985816956	-0.0023737577721476555
-0.749953031539917	1.2266747951507568	-1.4249107837677002	0.9141955375671387	0.07268762588500977	1.0	1	0.0	0	0.0	0	-1.0	0.0	0.0	0.0	0.002373758004978299	0.9999972581863403	0.0	0.9999972581863403	-0.002373758004978299
1.249953031539917	1.6410105228424072	-0.4143357276916504	0.8884609937667847	0.7471715211868286	1.0	1	0.0	0	0.0	0	0.8562152981758118	-0.5166192650794983	0.0	0.0	0.0	1.0	-0.5166192650794983	-0.8562153577804565	0.0
0.749953031539917	0.8123390674591064	0.4143357276916504	0.9430999159812927	0.8109861612319946	0.5	12	0.5	1	0.0	0	0.8562152981758118	-0.5166192650794983	0.0	0.0	0.0	1.0	-0.5166192650794983	-0.8562152981758118	0.0
0.749953031539917	0.8123390674591064	-0.4143357276916504	0.8884609937667847	0.8109861612319946	0.5	18	0.5	1	0.0	0	0.8562152981758118	-0.5166192650794983	0.0	0.0	0.0	1.0	-0.5166192650794983	-0.8562152981758118	0.0
0.749953031539917	1.9766278266906738	-1.499906063079834	0.42037367820739746	0.5641774535179138	0.5	6	0.5	1	0.0	0	0.551088273525238	-0.08303055167198181	-0.8303058743476868	-0.13773836195468903	0.9723364114761353	-0.1886529177427292	0.8230006098747253	0.21832938492298126	0.5244066715240479
0.749953031539917	1.2266747951507568	-1.4249107837677002	0.37136006355285645	0.5559744834899902	1.0	1	0.0	0	0.0	0	0.551088273525238	-0.08303055167198181	-0.8303058743476868	-0.1377383917570114	0.97233647108078	-0.18865294754505157	0.8230005502700806	0.21832939982414246	0.5244066715240479
0.0	2.0	-2.0	0.434903621673584	0.5065258741378784	0.3333333333333333	7	0.3333333333333333	6	0.3333333333333333	1	0.551088273525238	-0.08303055167198181	-0.8303058743476868	-0.13773837685585022	0.97233647108078	-0.18865294754505157	0.8230005502700806	0.21832938492298126	0.5244066715240479
-0.749953031539917	1.9766278266906738	-1.0855703353881836	0.9682433605194092	0.41098731756210327	0.5	6	0.5	1	0.0	0	-1.0	0.0	0.0	0.0	-0.13540686666965485	0.9907901287078857	0.0	0.9907901287078857	0.13540686666965485
-0.749953031539917	2.726580858230591	-1.499906063079834	0.9344797134399414	0.45628124475479126	0.5	6	0.5	1	0.0	0	-1.0	0.0	0.0	0.0	-0.13540685176849365	0.990790069103241	0.0	0.990790069103241	0.13540685176849365
-0.749953031539917	1.9766278266906738	-1.499906063079834	0.9411754608154297	0.4072880744934082	0.5	6	0.5	1	0.0	0	-1.0	0.0	0.0	0.0	-0.13540685176849365	0.9907901287078857	0.0	0.9907901287078857	0.13540685176849365
-0.7496622204780579	0.1432727575302124	1.081221103668213	0.9320811033248901	0.5282366275787354	0.3333333333333333	13	0.3333333333333333	12	0.3333333333333333	1	-0.9999998211860657	-6.43344537820667e-05	-0.0006433447124436498	0.0006431902293115854	0.0023724480997771025	-0.9999969601631165	6.586055678781122e-05	-0.9999971985816956	-0.0023724061902612448
-0.749953031539917	0.47672176361083984	1.499906063079834	0.9045270681381226	0.5061850547790527	0.3333333333333333	13	0.3333333333333333	12	0.3333333333333333	1	-0.9999998211860657	-6.43344537820667e-05	-0.0006433447124436498	0.0006431902293115854	0.002372448332607746	-0.9999969601631165	6.586055678781122e-05	-0.9999971985816956	-0.0023724064230918884
-0.749953031539917	1.2266747951507568	1.4249107837677002	0.9095892310142517	0.456748366355896	1.0	1	0.0	0	0.0	0	-0.9999998211860657	-6.43344537820667e-05	-0.0006433447124436498	0.0006431902875192463	0.0023724485654383898	-0.9999970197677612	6.586056406376883e-05	-0.9999972581863403	-0.002372406655922532
-0.5	-1.0	-1.5	0.4458342492580414	0.37911921739578247	1.0	19	0.0	0	0.0	0	-0.9778852462768555	-0.2087283879518509	-0.01315134298056364	0.013244050554931164	0.0009534972487017512	-0.9999118447303772	0.2087225317955017	-0.977973222732544	0.0018319985829293728
-0.30000001192092896	-2.0	-0.5	0.3800162076950073	0.4464757442474365	0.5	20	0.5	19	0.0	0	-0.9778852462768555	-0.2087283879518509	-0.01315134298056364	0.013244050554931164	0.0009534973069094121	-0.9999118447303772	0.2087225317955017	-0.977973222732544	0.001831998466514051
-0.7496622204780579	0.1432727575302124	-1.081221103668213	0.41807806491851807	0.3020119071006775	0.3333333333333333	19	0.3333333333333333	18	0.3333333333333333	1	-0.9778852462768555	-0.2087283879518509	-0.01315134298056364	0.013244050554931164	0.0009534974815323949	-0.9999118447303772	0.2087225317955017	-0.977973222732544	0.0018319983500987291
-0.749953031539917	1.9766278266906738	1.499906063079834	0.5154719352722168	0.1461799144744873	0.5	2	0.5	1	0.0	0	-0.551088273525238	-0.08303055167198181	0.8303058743476868	-0.13773836195468903	-0.9723364114761353	-0.1886529177427292	0.8230006098747253	-0.21832938492298126	0.5244066715240479
-0.749953031539917	1.2266747951507568	1.4249107837677002	0.5644855499267578	0.1543828845024109	1.0	1	0.0	0	0.0	0	-0.551088273525238	-0.08303055167198181	0.8303058743476868	-0.1377383917570114	-0.97233647108078	-0.18865294754505157	0.8230005502700806	-0.21832939982414246	0.5244066715240479
0.0	2.0	2.0	0.5009419918060303	0.2038314938545227	0.3333333333333333	3	0.3333333333333333	2	0.3333333333333333	1	-0.551088273525238	-0.08303055167198181	0.8303058743476868	-0.13773837685585022	-0.97233647108078	-0.18865294754505157	0.8230005502700806	-0.21832938492298126	0.5244066715240479
0.7496622204780579	0.1432727575302124	-1.081221103668213	0.36495351791381836	0.931639552116394	0.3333333333333333	19	0.3333333333333333	18	0.3333333333333333	1	0.9999998211860657	-6.43344537820667e-05	0.0006433447124436498	-0.0006431902293115854	0.0023724480997771025	0.9999969601631165	-6.586055678781122e-05	-0.9999971985816956	0.0023724061902612448
0.749953031539917	0.47672176361083984	-1.499906063079834	0.3373994827270508	0.9095879793167114	0.3333333333333333	19	0.3333333333333333	18	0.3333333333333333	1	0.9999998211860657	-6.43344537820667e-05	0.0006433447124436498	-0.0006431902293115854	0.002372448332607746	0.9999969601631165	-6.586055678781122e-05	-0.9999971985816956	0.0023724064230918884
0.749953031539917	1.2266747951507568	-1.4249107837677002	0.3424617052078247	0.8601512908935547	1.0	1	0.0	0	0.0	0	0.9999998211860657	-6.43344537820667e-05	0.0006433447124436498	-0.0006431902875192463	0.0023724485654383898	0.9999970197677612	-6.586056406376883e-05	-0.9999972581863403	0.002372406655922532
0.7496622204780579	0.1432727575302124	1.081221103668213	0.03480029106140137	0.3211047053337097	0.3333333333333333	13	0.3333333333333333	12	0.3333333333333333	1	0.9772785902023315	0.1654699593782425	-0.13246235251426697	0.1401779055595398	-0.03580201789736748	0.9894788861274719	0.15898661315441132	-0.9855648279190063	-0.05818377807736397
0.749953031539917	0.47672176361083984	1.499906063079834	0.06133162975311279	0.297832727432251	0.3333333333333333	13	0.3333333333333333	12	0.3333333333333333	1	0.9772785902023315	0.1654699593782425	-0.13246235251426697	0.1401778906583786	-0.03580201789736748	0.9894788265228271	0.15898661315441132	-0.9855647683143616	-0.05818377435207367
1.0	-1.0	1.5	0.06713491678237915	0.3964166045188904	1.0	13	0.0	0	0.0	0	0.9772785902023315	0.1654699593782425	-0.13246235251426697	0.1401778906583786	-0.03580201789736748	0.9894788265228271	0.15898661315441132	-0.9855647683143616	-0.05818377435207367
-0.749953031539917	1.9766278266906738	1.0855703353881836	0.9643983840942383	0.36958134174346924	0.5	2	0.5	1	0.0	0	-0.9782324433326721	0.10035000741481781	-0.1816347986459732	0.16637374460697174	-0.14384755492210388	-0.9755139946937561	-0.12402056157588959	-0.9844986796379089	0.12402074038982391
-0.749953031539917	2.726580858230591	1.499906063079834	0.9306347370147705	0.32428741455078125	0.5	2	0.5	1	0.0	0	-0.9782324433326721	0.10035000741481781	-0.1816347986459732	0.16637375950813293	-0.14384755492210388	-0.9755141139030457	-0.12402056902647018	-0.9844987988471985	0.12402074038982391
-0.5821443796157837	3.308725357055664	0.9177617430686951	0.9643983840942383	0.2803657054901123	0.3333333333333333	10	0.3333333333333333	2	0.3333333333333333	1	-0.9782324433326721	0.10035000741481781	-0.1816347986459732	0.16637374460697174	-0.1438475400209427	-0.9755139946937561	-0.12402056157588959	-0.9844986796379089	0.12402072548866272
-0.4996814727783203	4.0	0.4996814727783203	0.6946239471435547	0.8475063443183899	0.5	11	0.5	10	0.0	0	0.0	0.5175102353096008	0.8556771278381348	-2.7992146556243824e-07	-0.8556771278381348	0.5175102353096008	1.0	-2.3952236460900167e-07	1.4486221289189416e-07
0.5821443796157837	3.308725357055664	0.9177617430686951	0.7478914260864258	0.9188371896743774	0.3333333333333333	10	0.3333333333333333	2	0.3333333333333333	1	0.0	0.5175102353096008	0.8556771278381348	-2.799214371407288e-07	-0.85567706823349	0.517510175704956	1.0	-2.3952233618729224e-07	1.4486219868103944e-07
0.4996814727783203	4.0	0.4996814727783203	0.6946239471435547	0.9133999347686768	0.5	11	0.5	10	0.0	0	0.0	0.5175102353096008	0.8556771278381348	-2.799214371407288e-07	-0.85567706823349	0.5175102353096008	1.0	-2.3952233618729224e-07	1.4486219868103944e-07
-1.249953031539917	1.6410105228424072	0.4143357276916504	0.5249389410018921	0.8858122825622559	1.0	1	0.0	0	0.0	0	-0.8562152981758118	-0.5166192650794983	0.0	0.0	0.0	-1.0	0.5166192650794983	-0.8562153577804565	0.0
-0.749953031539917	0.8123390674591064	-0.4143357276916504	0.5795779228210449	0.9496266841888428	0.5	18	0.5	1	0.0	0	-0.8562152981758118	-0.5166192650794983	0.0	0.0	0.0	-1.0	0.5166192650794983	-0.8562152981758118	0.0
-0.749953031539917	0.8123390674591064	0.4143357276916504	0.5249389410018921	0.9496266841888428	0.5	12	0.5	1	0.0	0	-0.8562152981758118	-0.5166192650794983	0.0	0.0	0.0	-1.0	0.5166192650794983	-0.8562152981758118	0.0
0.749953031539917	1.9766278266906738	1.0855703353881836	0.9391943216323853	0.2562689185142517	0.5	2	0.5	1	0.0	0	1.0	0.0	0.0	0.0	0.0023726681247353554	-0.9999971985816956	0.0	0.9999971985816956	0.0023726681247353554
0.749953031539917	1.9766278266906738	1.499906063079834	0.9118750095367432	0.25633373856544495	0.5	2	0.5	1	0.0	0	1.0	0.0	0.0	0.0	0.0023726681247353554	-0.9999971985816956	0.0	0.9999971985816956	0.0023726681247353554
0.749953031539917	1.2266747951507568	1.4249107837677002	0.9167025089263916	0.20687353610992432	1.0	1	0.0	0	0.0	0	1.0	0.0	0.0	0.0	0.002372668357565999	-0.9999972581863403	0.0	0.9999972581863403	0.002372668357565999
-0.30000001192092896	-2.0	1.5	0.1461799144744873	0.7500913143157959	0.5	14	0.5	13	0.0	0	0.0	0.0	1.0	-3.013273612850753e-07	1.0	0.0	-1.0	-3.013273612850753e-07	0.0
1.0	-1.0	1.5	0.21211564540863037	0.6643749475479126	1.0	13	0.0	0	0.0	0	0.0	0.0	1.0	-3.013273612850753e-07	1.0	0.0	-1.0	-3.013273612850753e-07	0.0
-0.5	-1.0	1.5	0.21211564540863037	0.7632784247398376	1.0	13	0.0	0	0.0	0	0.0	0.0	1.0	-3.013273612850753e-07	1.0	0.0	-1.0	-3.013273612850753e-07	0.0
0.800000011920929	-2.0	-0.5	0.6180388927459717	0.819010317325592	0.5	20	0.5	19	0.0	0	0.0	-1.0	0.0	0.0	0.0	1.0	-1.0	0.0	0.0
-0.30000001192092896	-2.0	0.5	0.6839745044708252	0.8915395140647888	0.5	14	0.5	13	0.0	0	0.0	-1.0	0.0	0.0	0.0	1.0	-1.0	0.0	0.0
-0.30000001192092896	-2.0	-0.5	0.6180388927459717	0.8915395140647888	0.5	20	0.5	19	0.0	0	0.0	-1.0	0.0	0.0	0.0	1.0	-1.0	0.0	0.0
0.800000011920929	-2.0	-1.5	0.37136000394821167	0.7502966523170471	0.5	20	0.5	19	0.0	0	0.0	0.0	-1.0	1.8832970738458243e-07	1.0	0.0	1.0	-1.8832970738458243e-07	0.0
-0.5	-1.0	-1.5	0.4372956454753876	0.6645803451538086	1.0	19	0.0	0	0.0	0	0.0	0.0	-1.0	1.8832969317372772e-07	1.0	0.0	1.0	-1.8832969317372772e-07	0.0
1.0	-1.0	-1.5	0.4372956454753876	0.7634837627410889	1.0	19	0.0	0	0.0	0	0.0	0.0	-1.0	1.8832970738458243e-07	1.0	0.0	1.0	-1.8832970738458243e-07	0.0
0.749953031539917	1.9766278266906738	1.0855703353881836	0.9682432413101196	0.5063008069992065	0.5	2	0.5	1	0.0	0	1.0	0.0	0.0	0.0	-0.13540883362293243	-0.9907898902893066	0.0	0.9907898902893066	-0.13540883362293243
0.749953031539917	2.726580858230591	1.499906063079834	0.9344795942306519	0.5515947341918945	0.5	2	0.5	1	0.0	0	1.0	0.0	0.0	0.0	-0.13540883362293243	-0.9907898902893066	0.0	0.9907898902893066	-0.13540883362293243
0.749953031539917	1.9766278266906738	1.499906063079834	0.9411753416061401	0.5026015043258667	0.5	2	0.5	1	0.0	0	1.0	0.0	0.0	0.0	-0.13540883362293243	-0.9907898902893066	0.0	0.9907898902893066	-0.13540883362293243
0.7496622204780579	0.1432727575302124	-1.081221103668213	0.1461798995733261	0.14378130435943604	0.3333333333333333	19	0.3333333333333333	18	0.3333333333333333	1	0.9997243881225586	0.023479940369725227	0.0	0.023479938507080078	-0.9997243285179138	-6.324911510091624e-07	-1.4850853879977421e-08	6.323168122435163e-07	-1.0
0.800000011920929	-2.0	0.5	0.2875368893146515	0.039522528648376465	0.5	14	0.5	13	0.0	0	0.9997243881225586	0.023479940369725227	0.0	0.023479940369725227	-0.9997243881225586	-6.324911510091624e-07	-1.4850852991799002e-08	6.323167554000975e-07	-1.0
0.800000011920929	-2.0	-0.5	0.2875368893146515	0.1054580807685852	0.5	20	0.5	19	0.0	0	0.9997243881225586	0.023479940369725227	0.0	0.023479938507080078	-0.9997243285179138	-6.324911510091624e-07	-1.4850853879977421e-08	6.323168122435163e-07	-1.0
0.4996814727783203	4.0	-0.4996814727783203	0.9067349433898926	0.07253015041351318	0.5	11	0.5	10	0.0	0	0.0	0.5175102353096008	-0.8556771278381348	-2.7992146556243824e-07	0.8556771278381348	0.5175102353096008	1.0	2.3952236460900167e-07	1.4486221289189416e-07
-0.5821443796157837	3.308725357055664	-0.9177617430686951	0.8534674644470215	0.0011993050575256348	0.3333333333333333	10	0.3333333333333333	6	0.3333333333333333	1	0.0	0.5175102353096008	-0.8556771278381348	-2.799214371407288e-07	0.85567706823349	0.517510175704956	1.0	2.3952233618729224e-07	1.4486219868103944e-07
-0.4996814727783203	4.0	-0.4996814727783203	0.9067349433898926	0.006636559963226318	0.5	11	0.5	10	0.0	0	0.0	0.5175102353096008	-0.8556771278381348	-2.799214371407288e-07	0.85567706823349	0.5175102353096008	1.0	2.3952233618729224e-07	1.4486219868103944e-07
0.749953031539917	0.47672176361083984	1.499906063079834	0.28993549942970276	0.10009652376174927	0.3333333333333333	13	0.3333333333333333	12	0.3333333333333333	1	0.0	6.361179839586839e-05	1.0	-5.356353085517185e-07	-1.0	6.361179839586839e-05	1.0	-5.356353085517185e-07	3.407272380906434e-11
-0.5	-1.0	1.5	0.38730406761169434	0.017680108547210693	1.0	13	0.0	0	0.0	0	0.0	6.361179839586839e-05	1.0	-5.356353085517185e-07	-1.0	6.361179839586839e-05	1.0	-5.356353085517185e-07	3.407272380906434e-11
1.0	-1.0	1.5	0.38730406761169434	0.11658358573913574	1.0	13	0.0	0	0.0	0	0.0	6.361179839586839e-05	1.0	-5.356353653951373e-07	-1.0	6.361179839586839e-05	1.0	-5.356353653951373e-07	3.4072727278511294e-11
0.749953031539917	0.47672176361083984	-1.499906063079834	0.28024905920028687	0.29685282707214355	0.3333333333333333	19	0.3333333333333333	18	0.3333333333333333	1	0.0	6.361179839586839e-05	-1.0	0.0	-1.0	-6.361179839586839e-05	-1.0	0.0	0.0
-0.5	-1.0	-1.5	0.37761765718460083	0.37926924228668213	1.0	19	0.0	0	0.0	0	0.0	6.361179839586839e-05	-1.0	0.0	-1.0	-6.361179839586839e-05	-1.0	0.0	0.0
-0.749953031539917	0.47672176361083984	-1.499906063079834	0.28024905920028687	0.3957500457763672	0.3333333333333333	19	0.3333333333333333	18	0.3333333333333333	1	0.0	6.361179839586839e-05	-1.0	0.0	-1.0	-6.361179839586839e-05	-1.0	0.0	0.0
0.800000011920929	-2.0	1.5	0.15943658351898193	0.4645284414291382	0.5	14	0.5	13	0.0	0	0.0	0.0	1.0	-0.9999997615814209	0.0007036625756882131	0.0	-0.0007036625756882131	-0.9999997615814209	0.0
-0.35996171832084656	-3.4990429878234863	1.5	0.2358497977256775	0.563422679901123	0.5	15	0.5	14	0.0	0	0.0	0.0	1.0	-0.9999998211860657	0.000703662633895874	0.0	-0.000703662633895874	-0.9999998211860657	0.0
1.0	-3.5	1.5	0.1461799144744873	0.563422679901123	0.5	15	0.5	14	0.0	0	0.0	0.0	1.0	-0.9999997615814209	0.000703662633895874	0.0	-0.000703662633895874	-0.9999997615814209	0.0
0.800000011920929	-2.0	-1.5	0.0775916576385498	0.46605658531188965	0.5	20	0.5	19	0.0	0	0.0	0.0	-1.0	0.9999996423721313	-0.0009105578646995127	2.7755575615628914e-17	-0.0009105578064918518	-0.9999995827674866	0.0
-0.35995060205459595	-3.498764991760254	-1.5	0.0011992454528808594	0.5649480819702148	0.5	21	0.5	20	0.0	0	0.0	0.0	-1.0	0.9999996423721313	-0.0009105579229071736	2.7755578924351364e-17	-0.0009105578646995127	-0.9999995827674866	0.0
-0.30000001192092896	-2.0	-1.5	0.005062460899353027	0.4661226272583008	0.5	20	0.5	19	0.0	0	0.0	0.0	-1.0	0.9999995827674866	-0.0009105578064918518	2.7755575615628914e-17	-0.0009105578646995127	-0.9999996423721313	0.0
-0.5	-7.0	-0.5	0.06713485717773438	0.7642527222633362	1.0	23	0.0	0	0.0	0	0.0	-1.0	0.0	0.0	0.0	1.0	-1.0	0.0	0.0
1.0	-7.0	-1.5	0.0011992454528808594	0.6653493642807007	1.0	23	0.0	0	0.0	0	0.0	-1.0	0.0	0.0	0.0	1.0	-1.0	0.0	0.0
1.0	-7.0	-0.5	0.06713485717773438	0.6653493642807007	1.0	23	0.0	0	0.0	0	0.0	-1.0	0.0	0.0	0.0	1.0	-1.0	0.0	0.0
1.0	-7.0	0.5	0.07778644561767578	0.6752936840057373	1.0	17	0.0	0	0.0	0	0.0	-1.0	0.0	1.1311708476569038e-06	0.0	1.0	-1.0	0.0	1.1311708476569038e-06
-0.5	-7.0	1.5	0.1437215805053711	0.7741971611976624	1.0	17	0.0	0	0.0	0	0.0	-1.0	0.0	6.767954801034648e-07	0.0	1.0	-1.0	0.0	6.767954801034648e-07
-0.5	-7.0	0.5	0.07778644561767578	0.7741971611976624	1.0	17	0.0	0	0.0	0	0.0	-1.0	0.0	0.0	0.0	1.0	-1.0	0.0	0.0
-0.30000001192092896	-2.0	-0.5	0.7605595588684082	0.7383745312690735	0.5	20	0.5	19	0.0	0	-0.9981918931007385	0.05543398857116699	-0.023240327835083008	-0.023214558139443398	0.001108832424506545	0.9997299313545227	0.05544477701187134	0.9984617233276367	0.0001800480531528592
-0.35995060205459595	-3.498764991760254	-1.5	0.6946239471435547	0.639473557472229	0.5	21	0.5	20	0.0	0	-0.9981918931007385	0.05543398857116699	-0.023240327835083008	-0.023214558139443398	0.001108832540921867	0.9997299313545227	0.05544477701187134	0.9984617233276367	0.00018004793673753738
-0.3833809494972229	-3.5014286041259766	-0.5	0.7605774402618408	0.6392244100570679	0.5	21	0.5	20	0.0	0	-0.9981918931007385	0.05543398857116699	-0.023240327835083008	-0.023214558139443398	0.001108832424506545	0.9997299313545227	0.05544477701187134	0.9984617233276367	0.00018004803860094398
0.800000011920929	-2.0	0.5	0.5437813997268677	0.0011992454528808594	0.5	14	0.5	13	0.0	0	0.0	0.0	-1.0	0.9999998807907104	-0.0005163911264389753	0.0	-0.0005163911264389753	-0.9999998807907104	0.0
-0.383309543132782	-3.4992852210998535	0.5	0.4658101797103882	0.10009598731994629	0.5	15	0.5	14	0.0	0	0.0	0.0	-1.0	0.9999999403953552	-0.0005164715112186968	0.0	-0.0005164715112186968	-0.9999999403953552	0.0
-0.30000001192092896	-2.0	0.5	0.4712522029876709	0.0012366771697998047	0.5	14	0.5	13	0.0	0	0.0	0.0	-1.0	0.9999999403953552	-0.0005160908913239837	0.0	-0.0005160908913239837	-0.9999999403953552	0.0
0.800000011920929	-2.0	-0.5	0.46143537759780884	0.4146265983581543	0.5	20	0.5	19	0.0	0	0.0	0.0	1.0	-0.999999463558197	-0.0010332734091207385	0.0	0.0010332734091207385	-0.999999463558197	0.0
-0.3833809494972229	-3.5014286041259766	-0.5	0.5395644903182983	0.5135436058044434	0.5	21	0.5	20	0.0	0	0.0	0.0	1.0	-0.999999463558197	-0.001033125096000731	0.0	0.001033125096000731	-0.999999463558197	0.0
1.0	-3.5	-0.5	0.4483504295349121	0.5135436058044434	0.5	21	0.5	20	0.0	0	0.0	0.0	1.0	-0.9999995231628418	-0.0010326494229957461	0.0	0.0010326494229957461	-0.9999995231628418	0.0
-0.30000001192092896	-2.0	0.5	0.6951334476470947	0.5069153308868408	0.5	14	0.5	13	0.0	0	-0.9992009401321411	0.03996802866458893	0.0	0.0	0.0	1.0	0.03996802866458893	0.9992009401321411	0.0
-0.35996171832084656	-3.4990429878234863	1.5	0.7610690593719482	0.40799593925476074	0.5	15	0.5	14	0.0	0	-0.9992009401321411	0.03996802866458893	0.0	0.0	0.0	1.0	0.03996802866458893	0.9992009401321411	0.0
-0.30000001192092896	-2.0	1.5	0.7610690593719482	0.5069153308868408	0.5	14	0.5	13	0.0	0	-0.9992009401321411	0.03996802866458893	0.0	0.0	0.0	1.0	0.03996802866458893	0.9992009401321411	0.0
1.0	-5.75	-0.5	0.3461846113204956	0.7258729934692383	0.5	23	0.5	22	0.0	0	0.0	0.0	1.0	-1.0	0.0	0.0	0.0	-1.0	0.0
1.0	-7.0	-0.5	0.3461846113204956	0.8082923889160156	1.0	23	0.0	0	0.0	0	0.0	0.0	1.0	-1.0	0.0	0.0	0.0	-1.0	0.0
2.0	-7.0	-0.5	0.28024888038635254	0.8082923889160156	1.0	23	0.0	0	0.0	0	0.0	0.0	1.0	-1.0	0.0	0.0	0.0	-1.0	0.0
-0.749953031539917	1.9766278266906738	-1.499906063079834	0.36495351791381836	0.9422426223754883	0.5	6	0.5	1	0.0	0	-0.82282954454422	0.41141477227211	-0.3920324742794037	-0.5136263370513916	-0.24318839609622955	0.8228288888931274	0.24318620562553406	0.8784061074256897	0.41141605377197266
-0.3749765157699585	2.726580858230591	-1.499906063079834	0.34022921323776245	0.9916912317276001	0.3333333333333333	7	0.3333333333333333	6	0.3333333333333333	1	-0.82282954454422	0.41141477227211	-0.3920324742794037	-0.5136263370513916	-0.24318836629390717	0.8228288292884827	0.24318620562553406	0.8784060478210449	0.41141602396965027
-0.5	2.0	-2.0	0.32898181676864624	0.9340381622314453	0.3333333333333333	7	0.3333333333333333	6	0.3333333333333333	1	-0.82282954454422	0.41141477227211	-0.3920324742794037	-0.5136263370513916	-0.24318839609622955	0.8228288888931274	0.24318620562553406	0.8784061074256897	0.41141605377197266
0.749953031539917	1.9766278266906738	1.499906063079834	0.11375832557678223	0.9299437403678894	0.5	2	0.5	1	0.0	0	0.82282954454422	0.41141477227211	0.3920324742794037	0.5136263370513916	-0.24318839609622955	-0.8228288888931274	-0.24318620562553406	0.8784061074256897	-0.41141605377197266
0.3749765157699585	2.726580858230591	1.499906063079834	0.08903384208679199	0.9793923497200012	0.3333333333333333	3	0.3333333333333333	2	0.3333333333333333	1	0.82282954454422	0.41141477227211	0.3920324742794037	0.5136263370513916	-0.24318836629390717	-0.8228288292884827	-0.24318620562553406	0.8784060478210449	-0.41141602396965027
0.5	2.0	2.0	0.07778644561767578	0.9217392802238464	0.3333333333333333	3	0.3333333333333333	2	0.3333333333333333	1	0.82282954454422	0.41141477227211	0.3920324742794037	0.5136263370513916	-0.24318839609622955	-0.8228288888931274	-0.24318620562553406	0.8784061074256897	-0.41141605377197266
-0.4996814727783203	4.0	-0.4996814727783203	0.4137864112854004	0.17912667989730835	0.5	11	0.5	10	0.0	0	0.0	-0.4469856023788452	-0.8945411443710327	-4.04582635837869e-07	0.8945411443710327	-0.4469856023788452	1.0	3.6191582353239937e-07	-1.8084261910189525e-07
0.9993629455566406	5.0	-0.9993629455566406	0.48749542236328125	0.27796709537506104	1.0	11	0.0	0	0.0	0	0.0	-0.4469856023788452	-0.8945411443710327	-4.045826926812879e-07	0.8945412039756775	-0.4469856321811676	1.0	3.6191588037581823e-07	-1.8084264752360468e-07
0.4996814727783203	4.0	-0.4996814727783203	0.4137864112854004	0.24502027034759521	0.5	11	0.5	10	0.0	0	0.0	-0.4469856023788452	-0.8945411443710327	-4.04582635837869e-07	0.8945410847663879	-0.4469855725765228	1.0	3.619158519541088e-07	-1.8084263331274997e-07
0.800000011920929	-2.0	-0.5	0.13546913862228394	0.46365803480148315	0.5	20	0.5	19	0.0	0	0.9805806875228882	-0.1961161196231842	0.0	8.864277134534859e-08	4.4321387804302503e-07	1.0	-0.1961161196231842	-0.9805806875228882	4.51991240879579e-07
0.800000011920929	-2.0	-1.5	0.06953352689743042	0.46365800499916077	0.5	20	0.5	19	0.0	0	0.9805806875228882	-0.1961161196231842	0.0	8.864277134534859e-08	4.4321387804302503e-07	1.0	-0.1961161196231842	-0.9805806875228882	4.51991240879579e-07
1.0	-1.0	-1.5	0.06953352689743042	0.3964166045188904	1.0	19	0.0	0	0.0	0	0.9805806875228882	-0.1961161196231842	0.0	8.864277134534859e-08	4.4321390646473446e-07	1.0	-0.1961161345243454	-0.980580747127533	4.519912693012884e-07
-0.7496622204780579	0.1432727575302124	-1.081221103668213	0.0011992454528808594	0.14559412002563477	0.3333333333333333	19	0.3333333333333333	18	0.3333333333333333	1	-0.9786925911903381	-0.20533135533332825	0.0	0.0	0.0	1.0	-0.20533135533332825	0.9786925911903381	0.0
-0.30000001192092896	-2.0	0.5	0.1054580807685852	0.0011992454528808594	0.5	14	0.5	13	0.0	0	-0.9786925911903381	-0.20533135533332825	0.0	0.0	0.0	1.0	-0.20533135533332825	0.9786925911903381	0.0
-0.7496622204780579	0.1432727575302124	1.081221103668213	0.14378130435943604	0.14559412002563477	0.3333333333333333	13	0.3333333333333333	12	0.3333333333333333	1	-0.9786925911903381	-0.20533135533332825	0.0	0.0	0.0	1.0	-0.20533134043216705	0.9786925315856934	0.0
0.5821443796157837	3.308725357055664	-0.9177617430686951	0.2770373821258545	0.7986344695091248	0.3333333333333333	10	0.3333333333333333	6	0.3333333333333333	1	0.0	0.7071066498756409	-0.70710688829422	-6.737715807503264e-07	0.7071069478988647	0.7071066498756409	1.0	4.7642851086493465e-07	4.7642834033467807e-07
0.3749765157699585	2.726580858230591	-1.499906063079834	0.22275400161743164	0.7849746942520142	0.3333333333333333	7	0.3333333333333333	6	0.3333333333333333	1	0.0	0.7071066498756409	-0.70710688829422	-6.766687761228241e-07	0.70710688829422	0.7071067094802856	1.0	4.784771476806782e-07	4.784769771504216e-07
2.980792279672073e-10	2.726580858230591	-1.499906063079834	0.22275400161743164	0.7602503895759583	0.3333333333333333	7	0.3333333333333333	6	0.3333333333333333	1	0.0	0.7071066498756409	-0.70710688829422	-6.86311921072047e-07	0.70710688829422	0.7071066498756409	1.0	4.852959136769641e-07	4.852957431467075e-07
0.4996814727783203	4.0	0.4996814727783203	0.802046537399292	0.09465932846069336	0.5	11	0.5	10	0.0	0	0.9929599165916443	0.11845128238201141	0.0	-0.11845128238201141	0.9929599165916443	4.872466661254293e-07	5.771498479134607e-08	-4.838163363274361e-07	1.0
0.5821443796157837	3.308725357055664	-0.9177617430686951	0.7561438083648682	0.0011993050575256348	0.3333333333333333	10	0.3333333333333333	6	0.3333333333333333	1	0.9929599165916443	0.11845128238201141	0.0	-0.11845127493143082	0.9929598569869995	4.872466661254293e-07	5.7714991896773427e-08	-4.83816393170855e-07	1.0
0.4996814727783203	4.0	-0.4996814727783203	0.802046537399292	0.02876567840576172	0.5	11	0.5	10	0.0	0	0.9929599165916443	0.11845128238201141	0.0	-0.11845127493143082	0.9929598569869995	4.872466661254293e-07	5.7714991896773427e-08	-4.83816393170855e-07	1.0
-0.5821443796157837	3.308725357055664	0.9177617430686951	0.7634673118591309	0.41897106170654297	0.3333333333333333	10	0.3333333333333333	2	0.3333333333333333	1	0.0	0.7071066498756409	0.70710688829422	4.450009214451711e-07	-0.70710688829422	0.7071066498756409	1.0	3.1466325367546233e-07	-3.146631399886246e-07
-0.3749765157699585	2.726580858230591	1.499906063079834	0.8177506923675537	0.4326307773590088	0.3333333333333333	3	0.3333333333333333	2	0.3333333333333333	1	0.0	0.7071066498756409	0.70710688829422	4.478980599742499e-07	-0.70710688829422	0.7071066498756409	1.0	3.16711833647787e-07	-3.167117483826587e-07
2.980792279672073e-10	2.726580858230591	1.499906063079834	0.8177506923675537	0.4573550820350647	0.3333333333333333	3	0.3333333333333333	2	0.3333333333333333	1	0.0	0.7071066498756409	0.70710688829422	4.575412901886011e-07	-0.70710688829422	0.7071066498756409	1.0	3.2353062806578237e-07	-3.2353051437894464e-07
0.6870620250701904	6.25	0.6870620250701904	0.11587071418762207	0.23373651504516602	1.0	11	0.0	0	0.0	0	0.2802030146121979	-0.14079441130161285	0.9495595097541809	0.9598374962806702	0.02658282034099102	-0.2792944014072418	0.014081122353672981	0.9896819591522217	0.14258833229541779
0.0	6.988889217376709	0.9993629455566406	0.06793206930160522	0.28425121307373047	1.0	11	0.0	0	0.0	0	0.2802030146121979	-0.14079441130161285	0.9495595097541809	0.9598374962806702	0.02658282406628132	-0.2792944014072418	0.014081118628382683	0.9896819591522217	0.14258833229541779
-0.9993629455566406	5.0	0.9993629455566406	0.0011993050575256348	0.15353775024414062	1.0	11	0.0	0	0.0	0	0.2802030146121979	-0.14079441130161285	0.9495595097541809	0.9598375558853149	0.026582825928926468	-0.2792944312095642	0.014081120491027832	0.9896818995475769	0.14258833229541779
0.4996814727783203	4.0	-0.4996814727783203	0.28024888038635254	0.4310953617095947	0.5	11	0.5	10	0.0	0	0.8945411443710327	-0.4469856321811676	0.0	0.4469856321811676	0.8945411443710327	-2.1639056058120332e-07	9.672346834577183e-08	1.935702584887622e-07	1.0
0.9993629455566406	5.0	-0.4996814727783203	0.3539578914642334	0.4310954213142395	1.0	11	0.0	0	0.0	0	0.8945411443710327	-0.4469856321811676	0.0	0.4469856023788452	0.8945410847663879	-8.086504976745346e-07	3.6145513604424195e-07	7.233711016851885e-07	1.0
0.9993629455566406	5.0	0.0	0.3539578914642334	0.46404218673706055	1.0	11	0.0	0	0.0	0	0.8945411443710327	-0.4469856321811676	0.0	0.4469856321811676	0.8945411443710327	-2.961214420338365e-07	1.3236203244559874e-07	2.648928045800858e-07	1.0
-0.4996814727783203	4.0	0.4996814727783203	0.38970279693603516	0.034146130084991455	0.5	11	0.5	10	0.0	0	-0.8945411443710327	-0.4469856023788452	0.0	-0.4469856023788452	0.8945411443710327	4.04582635837869e-07	-1.8084261910189525e-07	3.6191582353239937e-07	-1.0
-0.9993629455566406	5.0	-0.9993629455566406	0.463411808013916	0.13298654556274414	1.0	11	0.0	0	0.0	0	-0.8945411443710327	-0.4469856023788452	0.0	-0.4469856321811676	0.8945412039756775	4.045826926812879e-07	-1.8084264752360468e-07	3.6191588037581823e-07	-1.0
-0.4996814727783203	4.0	-0.4996814727783203	0.38970279693603516	0.10003972053527832	0.5	11	0.5	10	0.0	0	-0.8945411443710327	-0.4469856023788452	0.0	-0.4469855725765228	0.8945410847663879	4.04582635837869e-07	-1.8084263331274997e-07	3.619158519541088e-07	-1.0
0.4996814727783203	4.0	0.4996814727783203	0.522059440612793	0.37920618057250977	0.5	11	0.5	10	0.0	0	0.0	-0.4469856023788452	0.8945411443710327	-1.2137478506701882e-06	-0.8945411443710327	-0.4469856023788452	1.0	-1.0857473853320698e-06	-5.425278004622669e-07
-0.9993629455566406	5.0	0.9993629455566406	0.4483504295349121	0.2803657054901123	1.0	11	0.0	0	0.0	0	0.0	-0.4469856023788452	0.8945411443710327	-1.2137480780438636e-06	-0.8945412039756775	-0.4469856321811676	1.0	-1.0857476127057453e-06	-5.425279141491046e-07
-0.4996814727783203	4.0	0.4996814727783203	0.522059440612793	0.3133125901222229	0.5	11	0.5	10	0.0	0	0.0	-0.4469856023788452	0.8945411443710327	-1.213747964357026e-06	-0.8945410847663879	-0.4469855725765228	1.0	-1.0857476127057453e-06	-5.425279141491046e-07
-0.9993629455566406	5.0	-0.9993629455566406	0.14617988467216492	0.28807640075683594	1.0	11	0.0	0	0.0	0	0.2802030146121979	-0.14079441130161285	-0.9495595097541809	0.9598374962806702	0.02658032812178135	0.2792947292327881	-0.014083532616496086	-0.9896819591522217	0.14258761703968048
0.0	6.988889217376709	-0.9993629455566406	0.2129126787185669	0.1573624610900879	1.0	11	0.0	0	0.0	0	0.2802030146121979	-0.14079441130161285	-0.9495595097541809	0.9598374366760254	0.0265803262591362	0.2792947292327881	-0.014083534479141235	-0.9896820187568665	0.14258763194084167
0.6870620250701904	6.25	-0.6870620250701904	0.26085132360458374	0.20787715911865234	1.0	11	0.0	0	0.0	0	0.2802030146121979	-0.14079441130161285	-0.9495595097541809	0.9598374366760254	0.026580331847071648	0.2792947292327881	-0.014083528891205788	-0.9896820187568665	0.14258763194084167
-0.9993629455566406	5.0	0.9993629455566406	0.41138768196105957	0.2779669761657715	1.0	11	0.0	0	0.0	0	-1.0	0.0	0.0	0.0	-1.0	0.0	0.0	0.0	1.0
-0.9993629455566406	6.988889217376709	0.9993629455566406	0.28024905920028687	0.2779669761657715	1.0	11	0.0	0	0.0	0	-1.0	0.0	0.0	0.0	-1.0	0.0	0.0	0.0	1.0
-0.9993629455566406	6.988889217376709	0.0	0.28024905920028687	0.21207332611083984	1.0	11	0.0	0	0.0	0	-1.0	0.0	0.0	0.0	-1.0	0.0	0.0	0.0	1.0
0.800000011920929	-2.0	1.5	0.7440316677093506	0.5159420967102051	0.5	14	0.5	13	0.0	0	0.9912278652191162	0.13216370344161987	0.0	1.7758772230536124e-07	-1.3319080380824744e-06	1.0	0.13216370344161987	-0.9912278652191162	-1.3436950894174515e-06
1.0	-3.5	0.5	0.6780960559844971	0.6157209873199463	0.5	15	0.5	14	0.0	0	0.9912278652191162	0.13216370344161987	0.0	3.0011167950760864e-07	-2.2508377242047573e-06	1.0	0.13216370344161987	-0.9912278652191162	-2.270757022415637e-06
0.800000011920929	-2.0	0.5	0.6780959367752075	0.5159420967102051	0.5	14	0.5	13	0.0	0	0.9912278652191162	0.13216370344161987	0.0	0.0	0.0	1.0	0.13216370344161987	-0.9912278652191162	0.0
0.8999999761581421	-4.625	1.5	0.4372955560684204	0.7658822536468506	0.5	16	0.5	15	0.0	0	0.9960726499557495	0.08853980898857117	0.0	0.0	0.0	1.0	0.08853980898857117	-0.9960726499557495	0.0
1.0	-5.75	0.5	0.37136006355285645	0.8403522968292236	0.5	17	0.5	16	0.0	0	0.9960726499557495	0.08853980898857117	0.0	0.0	0.0	1.0	0.08853980898857117	-0.9960726499557495	0.0
0.8999999761581421	-4.625	0.5	0.3713599443435669	0.7658822536468506	0.5	16	0.5	15	0.0	0	0.9960726499557495	0.08853980898857117	0.0	0.0	0.0	1.0	0.08853980898857117	-0.9960726499557495	0.0
0.8999999761581421	-4.625	-0.5	0.06713485717773438	0.7666511535644531	0.5	22	0.5	21	0.0	0	0.9960726499557495	0.08853980898857117	0.0	0.0	0.0	1.0	0.08853980898857117	-0.9960726499557495	0.0
1.0	-5.75	-1.5	0.0011993646621704102	0.8411211967468262	0.5	23	0.5	22	0.0	0	0.9960726499557495	0.08853980898857117	0.0	0.0	0.0	1.0	0.08853980898857117	-0.9960726499557495	0.0
0.8999999761581421	-4.625	-1.5	0.0011992454528808594	0.7666511535644531	0.5	22	0.5	21	0.0	0	0.9960726499557495	0.08853980898857117	0.0	0.0	0.0	1.0	0.08853980898857117	-0.9960726499557495	0.0
1.0	-5.75	1.5	0.1437220573425293	0.5673465728759766	0.5	17	0.5	16	0.0	0	0.7808688282966614	0.6246950626373291	0.0	0.0	0.0	1.0	0.6246950626373291	-0.7808688282966614	0.0
2.0	-7.0	0.5	0.07778632640838623	0.6728949546813965	1.0	17	0.0	0	0.0	0	0.7808688282966614	0.6246950626373291	0.0	0.0	0.0	1.0	0.6246950626373291	-0.7808688282966614	0.0
1.0	-5.75	0.5	0.07778644561767578	0.5673465728759766	0.5	17	0.5	16	0.0	0	0.7808688282966614	0.6246950626373291	0.0	0.0	0.0	1.0	0.6246950626373291	-0.7808688282966614	0.0
1.0	-7.0	0.5	0.0011992454528808594	0.9094556570053101	1.0	17	0.0	0	0.0	0	0.0	-1.0	0.0	0.0	0.0	1.0	-1.0	0.0	0.0
2.0	-7.0	1.5	0.06713485717773438	0.843519926071167	1.0	17	0.0	0	0.0	0	0.0	-1.0	0.0	0.0	0.0	1.0	-1.0	0.0	0.0
1.0	-7.0	1.5	0.06713485717773438	0.9094556570053101	1.0	17	0.0	0	0.0	0	0.0	-1.0	0.0	0.0	0.0	1.0	-1.0	0.0	0.0
1.0	-5.75	1.5	0.6839746236801147	0.7341923713684082	0.5	17	0.5	16	0.0	0	0.0	0.0	1.0	-1.0	0.0	0.0	0.0	-1.0	0.0
1.0	-7.0	1.5	0.6839746236801147	0.8166117668151855	1.0	17	0.0	0	0.0	0	0.0	0.0	1.0	-1.0	0.0	0.0	0.0	-1.0	0.0
2.0	-7.0	1.5	0.6180388927459717	0.8166117668151855	1.0	17	0.0	0	0.0	0	0.0	0.0	1.0	-1.0	0.0	0.0	0.0	-1.0	0.0
1.0	-7.0	0.5	0.7464302778244019	0.5803008079528809	1.0	17	0.0	0	0.0	0	0.0	0.0	-1.0	0.7808681130409241	0.624695897102356	0.0	0.624695897102356	-0.7808681130409241	0.0
1.0	-5.75	0.5	0.7979174852371216	0.5159420967102051	0.5	17	0.5	16	0.0	0	0.0	0.0	-1.0	0.7808681130409241	0.624695897102356	0.0	0.624695897102356	-0.7808681130409241	0.0
2.0	-7.0	0.5	0.7979174852371216	0.621490478515625	1.0	17	0.0	0	0.0	0	0.0	0.0	-1.0	0.7808681726455688	0.6246959567070007	0.0	0.6246959567070007	-0.7808681726455688	0.0
1.0	-5.75	-0.5	0.6927168369293213	0.40790653228759766	0.5	23	0.5	22	0.0	0	0.7808688282966614	0.6246950626373291	0.0	0.0	0.0	1.0	0.6246950626373291	-0.7808688282966614	0.0
2.0	-7.0	-1.5	0.6267811059951782	0.5134549140930176	1.0	23	0.0	0	0.0	0	0.7808688282966614	0.6246950626373291	0.0	0.0	0.0	1.0	0.6246950626373291	-0.7808688282966614	0.0
1.0	-5.75	-1.5	0.6267812252044678	0.40790653228759766	0.5	23	0.5	22	0.0	0	0.7808688282966614	0.6246950626373291	0.0	0.0	0.0	1.0	0.6246950626373291	-0.7808688282966614	0.0
1.0	-7.0	-1.5	0.07778644561767578	0.9193407297134399	1.0	23	0.0	0	0.0	0	0.0	-1.0	0.0	0.0	0.0	1.0	-1.0	0.0	0.0
2.0	-7.0	-0.5	0.1437220573425293	0.8534049987792969	1.0	23	0.0	0	0.0	0	0.0	-1.0	0.0	0.0	0.0	1.0	-1.0	0.0	0.0
1.0	-7.0	-0.5	0.1437220573425293	0.9193407297134399	1.0	23	0.0	0	0.0	0	0.0	-1.0	0.0	0.0	0.0	1.0	-1.0	0.0	0.0
1.0	-7.0	-1.5	0.7629761695861816	0.7035832405090332	1.0	23	0.0	0	0.0	0	0.0	0.0	-1.0	0.7808681130409241	0.624695897102356	0.0	0.624695897102356	-0.7808681130409241	0.0
1.0	-5.75	-1.5	0.8144633769989014	0.6392245292663574	0.5	23	0.5	22	0.0	0	0.0	0.0	-1.0	0.7808681130409241	0.624695897102356	0.0	0.624695897102356	-0.7808681130409241	0.0
2.0	-7.0	-1.5	0.8144633769989014	0.7447729110717773	1.0	23	0.0	0	0.0	0	0.0	0.0	-1.0	0.7808681726455688	0.6246959567070007	0.0	0.6246959567070007	-0.7808681726455688	0.0
0.7495222091674805	6.0	0.0	0.6425867676734924	0.14307355880737305	1.0	11	0.0	0	0.0	0	0.8665619492530823	0.18761707842350006	-0.46246111392974854	-0.44890671968460083	-0.11186977475881577	-0.8865483403205872	-0.2180670201778412	0.9758509397506714	-0.012719519436359406
0.8495222330093384	6.0	0.18738055229187012	0.6286735534667969	0.1414785385131836	1.0	11	0.0	0	0.0	0	0.8665619492530823	0.18761707842350006	-0.46246111392974854	-0.4489067494869232	-0.11186978220939636	-0.8865483999252319	-0.2180670201778412	0.9758509397506714	-0.012719519436359406
0.8807523250579834	5.875	0.19518807530403137	0.6282147765159607	0.1329798698425293	1.0	11	0.0	0	0.0	0	0.8665619492530823	0.18761707842350006	-0.46246111392974854	-0.44890666007995605	-0.11186976730823517	-0.8865482807159424	-0.2180670201778412	0.9758508801460266	-0.012719525024294853
0.7495222091674805	6.0	-0.7495222091674805	0.6703072786331177	0.38795900344848633	1.0	11	0.0	0	0.0	0	0.842990517616272	0.29491257667541504	-0.4498816728591919	0.4821292757987976	-0.04330361634492874	0.8750292658805847	0.23857563734054565	-0.9545425176620483	-0.17869052290916443
0.8495222330093384	6.0	-0.5621416568756104	0.6842972040176392	0.38732433319091797	1.0	11	0.0	0	0.0	0	0.842990517616272	0.29491257667541504	-0.4498816728591919	0.4821292757987976	-0.04330361634492874	0.8750293254852295	0.23857563734054565	-0.9545425176620483	-0.17869052290916443
0.8807523250579834	5.875	-0.5855642557144165	0.6842955350875854	0.39595890045166016	1.0	11	0.0	0	0.0	0	0.842990517616272	0.29491257667541504	-0.4498816728591919	0.48212930560112	-0.04330362007021904	0.8750293254852295	0.23857563734054565	-0.9545425772666931	-0.17869052290916443
-0.749953031539917	1.2266747951507568	-1.4249107837677002	0.6946240067481995	0.8396704196929932	1.0	1	0.0	0	0.0	0	0.0	0.09950369596481323	-0.9950372576713562	0.0	-0.9950371980667114	-0.09950368851423264	-1.0	0.0	0.0
0.749953031539917	0.47672176361083984	-1.499906063079834	0.7443192601203918	0.7407732009887695	0.3333333333333333	19	0.3333333333333333	18	0.3333333333333333	1	0.0	0.09950369596481323	-0.9950372576713562	0.0	-0.9950371980667114	-0.09950368851423264	-1.0	0.0	0.0
